# Universe 5. Values shown are for the Exit End of each Element:
name              key                        s     length         angle       x_pitch     magnet x     magnet z  magnet theta      orbit x      orbit z   orbit theta dispersion dispersion       beta x     alpha x       beta y     alpha y        field  gradient
#                                          (m)        (m)         [rad]                        (m)          (m)           (m)          (m)          (m)           (m)        (m) derivative          (m)                      (m)                      (T)     (T/m)
BEGINNING         Beginning_Ele    -184.632707          0             0             0    -6.067815  -184.235325  0.1732825347    -6.067815  -184.235325  0.1732825347  +1.717915  -0.082357    43.859838   +2.067407    11.344575   -0.645235            0         0
YO5_BH12          Monitor          -184.632707   0.000000             0 +0.0000000000    -6.067815  -184.235325  0.1732825347    -6.067815  -184.235325  0.1732825347  +1.717915  -0.082357    43.859838   +2.067407    11.344575   -0.645235            0         0
CQS05Y12#5        Drift            -184.435323   0.197383             0 +0.0000000000    -6.033783  -184.040897  0.1732825347    -6.033783  -184.040897  0.1732825347  +1.701659  -0.082357    43.048379   +2.043672    11.604156   -0.669878            0         0
OBELABO           Drift            -184.122626   0.312698             0 +0.0000000000    -5.979869  -183.732883  0.1732825347    -5.979869  -183.732883  0.1732825347  +1.675906  -0.082357    41.782035   +2.006070    12.035302   -0.708917            0         0
ODFL              Drift            -183.601029   0.521597             0 +0.0000000000    -5.889937  -183.219098  0.1732825347    -5.889937  -183.219098  0.1732825347  +1.632949  -0.082357    39.722032   +1.943347    12.808805   -0.774036            0         0
YO5_DH11          Sbend            -174.160373   9.440656 +0.0389240268 +0.0000000000    -4.443581  -173.890497  0.1343585079    -4.443581  -173.890497  0.1343585079  +1.038115  -0.043642    13.718028   +0.809732    38.550678   -1.952668 -3.782030724  -0.00000
ODFL              Drift            -173.638776   0.521597             0 +0.0000000000    -4.373711  -173.373601  0.1343585079    -4.373711  -173.373601  0.1343585079  +1.015352  -0.043642    12.906157   +0.746779    40.621654   -2.017787            0         0
OBELACO           Drift            -173.325951   0.312826             0 +0.0000000000    -4.331807  -173.063595  0.1343585079    -4.331807  -173.063595  0.1343585079  +1.001699  -0.043642    12.450745   +0.709023    41.896302   -2.056842            0         0
CQS05Y11#1        Drift            -172.816668   0.509283             0 +0.0000000000    -4.263586  -172.558902  0.1343585079    -4.263586  -172.558902  0.1343585079  +0.979473  -0.043642    11.759863   +0.647556    44.023713   -2.120424            0         0
YO5_TV11          Vkicker          -172.316668   0.500000             0 +0.0000000000    -4.196608  -172.063408  0.1343585079    -4.196608  -172.063408  0.1343585079  +0.957652  -0.043642    11.142480   +0.587210    46.175349   -2.182847            0         0
CQS05Y11#2        Drift            -172.021418   0.295250             0 +0.0000000000    -4.157058  -171.770819  0.1343585079    -4.157058  -171.770819  0.1343585079  +0.944766  -0.043642    10.806253   +0.551575    47.475203   -2.219708            0         0
YO5_QD11          Quadrupole       -170.911418   1.110000             0 +0.0000000000    -4.008369  -170.670823  0.1343585079    -4.008369  -170.670823  0.1343585079  +0.944766  +0.043642    10.806253   -0.551575    47.475203   +2.219708            0 +77.00554
CQS05Y11#3        Drift            -170.780368   0.131050             0 +0.0000000000    -3.990814  -170.540954  0.1343585079    -3.990814  -170.540954  0.1343585079  +0.950485  +0.043642    10.952894   -0.567392    46.895562   +2.203347            0         0
YO5_SXD11         Sextupole        -170.030368   0.750000             0 +0.0000000000    -3.890348  -169.797714  0.1343585079    -3.890348  -169.797714  0.1343585079  +0.983217  +0.043642    11.871872   -0.657912    43.660767   +2.109712            0         0
CQS05Y11#4        Drift            -169.804140   0.226228             0 +0.0000000000    -3.860044  -169.573525  0.1343585079    -3.860044  -169.573525  0.1343585079  +0.993090  +0.043642    12.175724   -0.685216    42.712606   +2.081469            0         0
YO5_BV11          Monitor          -169.804140   0.000000             0 +0.0000000000    -3.860044  -169.573525  0.1343585079    -3.860044  -169.573525  0.1343585079  +0.993090  +0.043642    12.175724   -0.685216    42.712606   +2.081469            0         0
CQS05Y11#5        Drift            -169.606757   0.197383             0 +0.0000000000    -3.833603  -169.377920  0.1343585079    -3.833603  -169.377920  0.1343585079  +1.001705  +0.043642    12.450927   -0.709038    41.895776   +2.056826            0         0
OBELABO           Drift            -169.294059   0.312698             0 +0.0000000000    -3.791716  -169.068041  0.1343585079    -3.791716  -169.068041  0.1343585079  +1.015352  +0.043642    12.906157   -0.746779    40.621654   +2.017787            0         0
ODFL              Drift            -168.772463   0.521597             0 +0.0000000000    -3.721846  -168.551145  0.1343585079    -3.721846  -168.551145  0.1343585079  +1.038115  +0.043642    13.718028   -0.809732    38.550678   +1.952668            0         0
YO5_DH10          Sbend            -159.331807   9.440656 +0.0389240268 +0.0000000000    -2.639601  -159.173327  0.0954344812    -2.639601  -159.173327  0.0954344812  +1.632949  +0.082357    39.722032   -1.943347    12.808805   +0.774036 -3.782030724  -0.00000
ODFL              Drift            -158.810210   0.521597             0 +0.0000000000    -2.589898  -158.654104  0.0954344812    -2.589898  -158.654104  0.0954344812  +1.675906  +0.082357    41.782035   -2.006070    12.035302   +0.708917            0         0
OBELACO           Drift            -158.497385   0.312826             0 +0.0000000000    -2.560089  -158.342702  0.0954344812    -2.560089  -158.342702  0.0954344812  +1.701670  +0.082357    43.048902   -2.043687    11.603985   +0.669862            0         0
CQS05Y10#1        Drift            -157.988102   0.509283             0 +0.0000000000    -2.511560  -157.835736  0.0954344812    -2.511560  -157.835736  0.0954344812  +1.743613  +0.082357    45.161721   -2.104929    10.954067   +0.606280            0         0
YO5_TH10          Hkicker          -157.488102   0.500000             0 +0.0000000000    -2.463915  -157.338011  0.0954344812    -2.463915  -157.338011  0.0954344812  +1.784791  +0.082357    47.296713   -2.165054    10.378999   +0.543857            0         0
CQS05Y10#2        Drift            -157.192852   0.295250             0 +0.0000000000    -2.435780  -157.044105  0.0954344812    -2.435780  -157.044105  0.0954344812  +1.809107  +0.082357    48.585660   -2.200558    10.068735   +0.506996            0         0
YO5_QF10          Quadrupole       -156.082852   1.110000             0 +0.0000000000    -2.330009  -155.939156  0.0954344812    -2.330009  -155.939156  0.0954344812  +1.809107  -0.082357    48.585660   +2.200558    10.068735   -0.506996            0 -74.61127
CQS05Y10#3        Drift            -155.951802   0.131050             0 +0.0000000000    -2.317521  -155.808702  0.0954344812    -2.317521  -155.808702  0.0954344812  +1.798314  -0.082357    48.010959   +2.184799    10.203763   -0.523357            0         0
YO5_SXF10         Sextupole        -155.201802   0.750000             0 +0.0000000000    -2.246054  -155.062115  0.0954344812    -2.246054  -155.062115  0.0954344812  +1.736546  -0.082357    44.801401   +2.094611    11.059024   -0.616992            0         0
CQS05Y10#4        Drift            -154.975574   0.226228             0 +0.0000000000    -2.224497  -154.836917  0.0954344812    -2.224497  -154.836917  0.0954344812  +1.717915  -0.082357    43.859838   +2.067407    11.344575   -0.645235            0         0
YO5_BH10          Monitor          -154.975574   0.000000             0 +0.0000000000    -2.224497  -154.836917  0.0954344812    -2.224497  -154.836917  0.0954344812  +1.717915  -0.082357    43.859838   +2.067407    11.344575   -0.645235            0         0
CQS05Y10#5        Drift            -154.778191   0.197383             0 +0.0000000000    -2.205688  -154.640432  0.0954344812    -2.205688  -154.640432  0.0954344812  +1.701659  -0.082357    43.048379   +2.043672    11.604156   -0.669878            0         0
OBEL10BO          Drift            -154.470414   0.307777             0 +0.0000000000    -2.176360  -154.334055  0.0954344812    -2.176360  -154.334055  0.0954344812  +1.676311  -0.082357    41.801781   +2.006661    12.028328   -0.708303            0         0
ODSFL             Drift            -153.953132   0.517282             0 +0.0000000000    -2.127069  -153.819128  0.0954344812    -2.127069  -153.819128  0.0954344812  +1.633710  -0.082357    39.757939   +1.944458    12.794518   -0.772883            0         0
YO5_DH9           Sbend            -151.003705   2.949427 +0.0121605501 +0.0000000000    -1.863877  -150.881485  0.0832739311    -1.863877  -150.881485  0.0832739311  +1.408622  -0.070273    29.329141   +1.591241    18.439697   -1.141108 -3.782030724  -0.00000
ODSWL             Drift            -150.005589   0.998117             0 +0.0000000000    -1.780856  -149.886827  0.0832739311    -1.780856  -149.886827  0.0832739311  +1.338482  -0.070273    26.272628   +1.471039    20.841992   -1.265720            0         0
O9INJCT           Drift            -143.310013   6.695576             0 +0.0000000000    -1.223933  -143.214454  0.0832739311    -1.223933  -143.214454  0.0832739311  +0.867966  -0.070273    11.972586   +0.664705    43.388387   -2.101638            0         0
CQ05Y9#1          Drift            -142.672334   0.637679             0 +0.0000000000    -1.170893  -142.578984  0.0832739311    -1.170893  -142.578984  0.0832739311  +0.823155  -0.070273    11.173819   +0.587911    46.119495   -2.181250            0         0
YO5_BV9           Monitor          -142.672334   0.000000             0 +0.0000000000    -1.170893  -142.578984  0.0832739311    -1.170893  -142.578984  0.0832739311  +0.823155  -0.070273    11.173819   +0.587911    46.119495   -2.181250            0         0
CQ05Y9#2          Drift            -142.376332   0.296002             0 +0.0000000000    -1.146272  -142.284008  0.0832739311    -1.146272  -142.284008  0.0832739311  +0.802354  -0.070273    10.836325   +0.552264    47.421740   -2.218204            0         0
YO5_QD9           Quadrupole       -141.266332   1.110000             0 +0.0000000000    -1.053945  -141.177855  0.0832739311    -1.053945  -141.177855  0.0832739311  +0.757972  -0.010268    10.650249   -0.379851    48.256161   +1.488144            0 +64.01515
CQ05Y9#3          Drift            -140.971082   0.295250             0 +0.0000000000    -1.029386  -140.883628  0.0832739311    -1.029386  -140.883628  0.0832739311  +0.754940  -0.010268    10.883917   -0.411573    47.383220   +1.468476            0         0
YO5_TV9           Vkicker          -140.471082   0.500000             0 +0.0000000000    -0.987797  -140.385361  0.0832739311    -0.987797  -140.385361  0.0832739311  +0.749806  -0.010268    11.322351   -0.465294    45.931398   +1.435168            0         0
CQ05Y9#4          Drift            -139.961799   0.509283             0 +0.0000000000    -0.945436  -139.877842  0.0832739311    -0.945436  -139.877842  0.0832739311  +0.744577  -0.010268    11.824151   -0.520013    44.486862   +1.401242            0         0
OBELACO           Drift            -139.648974   0.312826             0 +0.0000000000    -0.919416  -139.566101  0.0832739311    -0.919416  -139.566101  0.0832739311  +0.741365  -0.010268    12.160012   -0.553623    43.616692   +1.380404            0         0
ODFL              Drift            -139.127377   0.521597             0 +0.0000000000    -0.876031  -139.046312  0.0832739311    -0.876031  -139.046312  0.0832739311  +0.736009  -0.010268    12.766779   -0.609665    42.194788   +1.345658            0         0
YO5_DH8           Sbend            -129.686721   9.440656 +0.0389240268 +0.0000000000    -0.274052  -129.625465  0.0443499043    -0.274052  -129.625465  0.0443499043  +0.822252  +0.028536    33.818159   -1.619073    22.724109   +0.716771 -3.782030724  -0.00000
ODFL              Drift            -129.165124   0.521597             0 +0.0000000000    -0.250926  -129.104381  0.0443499043    -0.250926  -129.104381  0.0443499043  +0.837136  +0.028536    35.536298   -1.674928    21.994502   +0.682025            0         0
OBELACO           Drift            -128.852299   0.312826             0 +0.0000000000    -0.237057  -128.791863  0.0443499043    -0.237057  -128.791863  0.0443499043  +0.846063  +0.028536    36.594698   -1.708426    21.574312   +0.661186            0         0
CQ05Y8#1          Drift            -128.343016   0.509283             0 +0.0000000000    -0.214478  -128.283081  0.0443499043    -0.214478  -128.283081  0.0443499043  +0.860596  +0.028536    38.362617   -1.762963    20.918128   +0.627260            0         0
YO5_TH8           Hkicker          -127.843016   0.500000             0 +0.0000000000    -0.192310  -127.783573  0.0443499043    -0.192310  -127.783573  0.0443499043  +0.874864  +0.028536    40.152351   -1.816505    20.307521   +0.593953            0         0
CQ05Y8#2          Drift            -127.547766   0.295250             0 +0.0000000000    -0.179220  -127.488613  0.0443499043    -0.179220  -127.488613  0.0443499043  +0.883289  +0.028536    41.234332   -1.848122    19.962599   +0.574285            0         0
YO5_QF8           Quadrupole       -126.437766   1.110000             0 +0.0000000000    -0.130008  -126.379705  0.0443499043    -0.130008  -126.379705  0.0443499043  +0.884323  -0.026684    42.501567   +0.732830    20.120673   -0.719952            0 -51.33593
CQ05Y8#3          Drift            -126.141764   0.296002             0 +0.0000000000    -0.116885  -126.083994  0.0443499043    -0.116885  -126.083994  0.0443499043  +0.876424  -0.026684    42.070898   +0.722125    20.553498   -0.742289            0         0
YO5_B8            Monitor          -126.141764   0.000000             0 +0.0000000000    -0.116885  -126.083994  0.0443499043    -0.116885  -126.083994  0.0443499043  +0.876424  -0.026684    42.070898   +0.722125    20.553498   -0.742289            0         0
CQ05Y8#4          Drift            -125.529567   0.612197             0 +0.0000000000    -0.089743  -125.472399  0.0443499043    -0.089743  -125.472399  0.0443499043  +0.860088  -0.026684    41.200286   +0.699986    21.490634   -0.788486            0         0
O_SNAKE_IP6       Pipe             -113.405893  12.123674             0 +0.0000000000     0.447765  -113.360646  0.0443499043     0.447765  -113.360646  0.0443499043  +0.536579  -0.026684    29.543045   +0.261541    51.700879   -1.703353            0         0
OINT              Drift            -113.105893   0.300000             0 +0.0000000000     0.461066  -113.060941  0.0443499043     0.461066  -113.060941  0.0443499043  +0.528574  -0.026684    29.389375   +0.250692    52.729683   -1.725992            0         0
CQ05Y7#1          Drift            -112.399003   0.706890             0 +0.0000000000     0.492406  -112.354746  0.0443499043     0.492406  -112.354746  0.0443499043  +0.509711  -0.026684    29.053023   +0.225128    55.207563   -1.779334            0         0
YO5_B7            Monitor          -112.399003   0.000000             0 +0.0000000000     0.492406  -112.354746  0.0443499043     0.492406  -112.354746  0.0443499043  +0.509711  -0.026684    29.053023   +0.225128    55.207563   -1.779334            0         0
CQ05Y7#2          Drift            -112.102917   0.296087             0 +0.0000000000     0.505533  -112.058951  0.0443499043     0.505533  -112.058951  0.0443499043  +0.501810  -0.026684    28.922878   +0.214420    56.267853   -1.801678            0         0
YO5_QD7           Quadrupole       -111.173173   0.929744             0 +0.0000000000     0.546753  -111.130121  0.0443499043     0.546753  -111.130121  0.0443499043  +0.485895  -0.007654    29.597999   -0.949233    57.605012   +0.380744            0 +38.13157
CQ05Y7#3          Drift            -110.877795   0.295378             0 +0.0000000000     0.559849  -110.835033  0.0443499043     0.559849  -110.835033  0.0443499043  +0.483634  -0.007654    30.164367   -0.968204    57.381819   +0.374873            0         0
YO5_TV7           Vkicker          -110.377795   0.500000             0 +0.0000000000     0.582017  -110.335525  0.0443499043     0.582017  -110.335525  0.0443499043  +0.479807  -0.007654    31.148629   -1.000319    57.011914   +0.364935            0         0
CQ05Y7#4          Drift            -109.868512   0.509283             0 +0.0000000000     0.604596  -109.826743  0.0443499043     0.604596  -109.826743  0.0443499043  +0.475909  -0.007654    32.184178   -1.033029    56.645359   +0.354813            0         0
O_ROTATOR_IP6F    Pipe              -97.744838  12.123674             0 +0.0000000000     1.142104   -97.714990  0.0443499043     1.142104   -97.714990  0.0443499043  +0.383112  -0.007654    66.672963   -1.811718    50.963559   +0.113841            0         0
CRT05Y6#1         Drift             -97.235555   0.509283             0 +0.0000000000     1.164683   -97.206208  0.0443499043     1.164683   -97.206208  0.0443499043  +0.379214  -0.007654    68.534976   -1.844428    50.852760   +0.103718            0         0
YO5_TH6           Hkicker           -96.735555   0.500000             0 +0.0000000000     1.186850   -96.706699  0.0443499043     1.186850   -96.706699  0.0443499043  +0.375387  -0.007654    70.395462   -1.876543    50.754011   +0.093780            0         0
CRT05Y6#2         Drift             -96.440305   0.295250             0 +0.0000000000     1.199941   -96.411740  0.0443499043     1.199941   -96.411740  0.0443499043  +0.373127  -0.007654    71.509159   -1.895506    50.700367   +0.087912            0         0
YO5_QF6           Quadrupole        -95.330305   1.110000             0 +0.0000000000     1.249153   -95.302831  0.0443499043     1.249153   -95.302831  0.0443499043  +0.382620  +0.024895    83.190817   -8.964456    45.809731   +4.175601            0 +71.75421
CRT05Y6#3         Drift             -95.199255   0.131050             0 +0.0000000000     1.254963   -95.171910  0.0443499043     1.254963   -95.171910  0.0443499043  +0.385882  +0.024895    85.557197   -9.092624    44.722217   +4.122861            0         0
YO5_TQ6           Quadrupole        -94.449255   0.750000             0 +0.0000000000     1.288214   -94.422647  0.0443499043     1.288214   -94.422647  0.0443499043  +0.404553  +0.024895    99.746264   -9.826132    38.764298   +3.821031            0  -0.00000
CRT05Y6#4         Drift             -94.223027   0.226228             0 +0.0000000000     1.298244   -94.196642  0.0443499043     1.298244   -94.196642  0.0443499043  +0.410185  +0.024895   104.242202  -10.047385    37.056049   +3.729989            0         0
YO5_BH6           Monitor           -94.223027   0.000000             0 +0.0000000000     1.298244   -94.196642  0.0443499043     1.298244   -94.196642  0.0443499043  +0.410185  +0.024895   104.242202  -10.047385    37.056049   +3.729989            0         0
CRT05Y6#5         Drift             -94.025644   0.197383             0 +0.0000000000     1.306995   -93.999453  0.0443499043     1.306995   -93.999453  0.0443499043  +0.415099  +0.024895   108.246680  -10.240428    35.599252   +3.650554            0         0
OINT              Drift             -93.725644   0.300000             0 +0.0000000000     1.320296   -93.699748  0.0443499043     1.320296   -93.699748  0.0443499043  +0.422567  +0.024895   114.478957  -10.533831    33.445140   +3.529822            0         0
OFL               Drift             -93.225644   0.500000             0 +0.0000000000     1.342464   -93.200240  0.0443499043     1.342464   -93.200240  0.0443499043  +0.435015  +0.024895   125.257291  -11.022836    30.015928   +3.328602            0         0
B3PF              Sbend             -88.825644   4.400000 +0.0226899301 +0.0000000000     1.487656   -88.802730  0.0216599742     1.487656   -88.802730  0.0216599742  +0.594347  +0.047526   241.091512  -15.298605     8.515456   +1.557869 -4.730313726  -0.00000
OFL               Drift             -88.325644   0.500000             0 +0.0000000000     1.498485   -88.302848  0.0216599742     1.498485   -88.302848  0.0216599742  +0.618110  +0.047526   256.633850  -15.786070     7.058197   +1.356649            0         0
OINT              Drift             -88.025644   0.300000             0 +0.0000000000     1.504983   -88.002918  0.0216599742     1.504983   -88.002918  0.0216599742  +0.632367  +0.047526   266.193236  -16.078549     6.280427   +1.235917            0         0
CQT05Y4#1         Drift             -87.518298   0.507346             0 +0.0000000000     1.515971   -87.495691  0.0216599742     1.515971   -87.495691  0.0216599742  +0.656479  +0.047526   282.758959  -16.573176     5.129940   +1.031741            0         0
YO5_TH4           Hkicker           -87.018298   0.500000             0 +0.0000000000     1.526800   -86.995808  0.0216599742     1.526800   -86.995808  0.0216599742  +0.680242  +0.047526   299.575867  -17.060641     4.198808   +0.830521            0         0
CQT05Y4#2         Drift             -86.723048   0.295250             0 +0.0000000000     1.533195   -86.700627  0.0216599742     1.533195   -86.700627  0.0216599742  +0.694274  +0.047526   309.735163  -17.348489     3.743467   +0.711701            0         0
YO5_QF4           Quadrupole        -84.911099   1.811949             0 +0.0000000000     1.572438   -84.889104  0.0216599742     1.572438   -84.889104  0.0216599742  +0.676126  -0.067061   280.964737  +31.630863     3.301602   -0.444278            0 -82.56546
CQT05Y4#3         Drift             -84.781023   0.130076             0 +0.0000000000     1.575255   -84.759059  0.0216599742     1.575255   -84.759059  0.0216599742  +0.667403  -0.067061   272.796247  +31.167203     3.423317   -0.491452            0         0
YO5_TQ4           Quadrupole        -84.031023   0.750000             0 +0.0000000000     1.591499   -84.009234  0.0216599742     1.591499   -84.009234  0.0216599742  +0.617107  -0.067061   228.050499  +28.493794     4.364496   -0.763453            0  -0.00000
CQT05Y4#4         Drift             -83.804784   0.226240             0 +0.0000000000     1.596399   -83.783048  0.0216599742     1.596399   -83.783048  0.0216599742  +0.601935  -0.067061   215.340099  +27.687353     4.728505   -0.845502            0         0
YO5_B4            Monitor           -83.804784   0.000000             0 +0.0000000000     1.596399   -83.783048  0.0216599742     1.596399   -83.783048  0.0216599742  +0.601935  -0.067061   215.340099  +27.687353     4.728505   -0.845502            0         0
CQT05Y4#5         Drift             -83.606438   0.198346             0 +0.0000000000     1.600695   -83.584749  0.0216599742     1.600695   -83.584749  0.0216599742  +0.588633  -0.067061   204.496986  +26.980340     5.078177   -0.917436            0         0
OINT              Drift             -83.306438   0.300000             0 +0.0000000000     1.607192   -83.284819  0.0216599742     1.607192   -83.284819  0.0216599742  +0.568515  -0.067061   188.629591  +25.910977     5.661278   -1.026236            0         0
OD5OFL            Drift             -82.397482   0.908956             0 +0.0000000000     1.626879   -82.376076  0.0216599742     1.626879   -82.376076  0.0216599742  +0.507559  -0.067061   144.470739  +22.670961     7.826522   -1.355885            0         0
YO5_DH5           Sbend             -73.699032   8.698449 +0.0358638930 +0.0000000000     1.659305   -73.678153 -0.0142039188     1.659305   -73.678153 -0.0142039188  +0.079990  -0.031237    19.807336   -8.345425    58.855214   -4.510528 -3.782030724  -0.00000
OD5OFL            Drift             -72.790076   0.908956             0 +0.0000000000     1.646395   -72.769289 -0.0142039188     1.646395   -72.769289 -0.0142039188  +0.051597  -0.031237    37.925370  -11.587367    67.354594   -4.840176            0         0
OINT              Drift             -72.490076   0.300000             0 +0.0000000000     1.642134   -72.469319 -0.0142039188     1.642134   -72.469319 -0.0142039188  +0.042226  -0.031237    45.198789  -12.657366    70.291340   -4.948977            0         0
CQT05Y5#1         Drift             -71.980793   0.509283             0 +0.0000000000     1.634900   -71.960087 -0.0142039188     1.634900   -71.960087 -0.0142039188  +0.026317  -0.031237    59.016235  -14.473808    75.426264   -5.133677            0         0
YO5_TV5           Hkicker           -71.480793   0.500000             0 +0.0000000000     1.627799   -71.460138 -0.0142039188     1.627799   -71.460138 -0.0142039188  +0.010699  -0.031237    74.381709  -16.257140    80.650608   -5.315011            0         0
CQT05Y5#2         Drift             -71.185543   0.295250             0 +0.0000000000     1.623605   -71.164918 -0.0142039188     1.623605   -71.164918 -0.0142039188  +0.001476  -0.031237    84.292465  -17.310197    83.820736   -5.422088            0         0
YO5_QD5           Quadrupole        -70.075543   1.110000             0 +0.0000000000     1.607839   -70.055030 -0.0142039188     1.607839   -70.055030 -0.0142039188  -0.033762  -0.032843   139.949472  -34.680309    86.413753   +3.173473            0 +82.97421
CQT05Y5#3         Drift             -69.944493   0.131050             0 +0.0000000000     1.605978   -69.923993 -0.0142039188     1.605978   -69.923993 -0.0142039188  -0.038066  -0.032843   149.186898  -35.807487    85.584186   +3.156683            0         0
YO5_TQ5           Quadrupole        -69.194493   0.750000             0 +0.0000000000     1.595325   -69.174068 -0.0142039188     1.595325   -69.174068 -0.0142039188  -0.062698  -0.032843   207.736265  -42.258335    80.921227   +3.060597            0  -0.00000
CQT05Y5#4         Drift             -68.968265   0.226228             0 +0.0000000000     1.592112   -68.947864 -0.0142039188     1.592112   -68.947864 -0.0142039188  -0.070128  -0.032843   227.296465  -44.204149    79.543001   +3.031613            0         0
YO5_BV5           Monitor           -68.968265   0.000000             0 +0.0000000000     1.592112   -68.947864 -0.0142039188     1.592112   -68.947864 -0.0142039188  -0.070128  -0.032843   227.296465  -44.204149    79.543001   +3.031613            0         0
CQT05Y5#5         Drift             -68.770882   0.197383             0 +0.0000000000     1.589308   -68.750500 -0.0142039188     1.589308   -68.750500 -0.0142039188  -0.076611  -0.032843   245.081897  -45.901869    78.351212   +3.006326            0         0
D9_PF             Drift             -63.379755   5.391127             0 +0.0000000000     1.512736   -63.359917 -0.0142039188     1.512736   -63.359917 -0.0142039188  -0.253673  -0.032843   989.992942  -92.271661    49.659823   +2.315639            0         0
OFL               Drift             -62.879755   0.500000             0 +0.0000000000     1.505634   -62.859967 -0.0142039188     1.505634   -62.859967 -0.0142039188  -0.270094  -0.032843  1084.414885  -96.572226    47.376213   +2.251582            0         0
QF3_PF            Quadrupole        -60.779271   2.100484             0 +0.0000000000     1.475800   -60.759695 -0.0142039188     1.475800   -60.759695 -0.0142039188  -0.313657  -0.008026  1300.049601   +0.006177    46.204608   -1.661463            0 -36.58538
OFL               Drift             -60.279271   0.500000             0 +0.0000000000     1.468698   -60.259746 -0.0142039188     1.468698   -60.259746 -0.0142039188  -0.317670  -0.008026  1300.043616   +0.005792    47.886418   -1.702157            0         0
O_CRAB_IP6F       Pipe              -45.219271  15.060000             0 +0.0000000000     1.254795   -45.201265 -0.0142039188     1.254795   -45.201265 -0.0142039188  -0.438543  -0.008026  1300.043616   -0.005792   117.614279   -2.927847            0         0
OFL               Drift             -44.719271   0.500000             0 +0.0000000000     1.247693   -44.701315 -0.0142039188     1.247693   -44.701315 -0.0142039188  -0.442556  -0.008026  1300.049601   -0.006177   120.562473   -2.968541            0         0
Q3PF              Quadrupole        -43.969271   0.750000             0 +0.0000000000     1.237040   -43.951391 -0.0142039188     1.237040   -43.951391 -0.0142039188  -0.447321  -0.004674  1292.730396   +9.746737   125.760155   -3.974745            0  -9.21047
O2FL              Drift             -42.969271   1.000000             0 +0.0000000000     1.222837   -42.951492 -0.0142039188     1.222837   -42.951492 -0.0142039188  -0.451995  -0.004674  1273.311183   +9.672476   133.843222   -4.108322            0         0
B2PF              Sbend             -38.569271   4.400000 +0.0235162234 +0.0000000000     1.108619   -38.553076 -0.0377201421     1.108619   -38.553076 -0.0377201421  -0.420699  +0.018898  1188.958161   +9.495131   172.582494   -4.696058 -4.902576321  -0.00000
D8_PF             Drift             -21.569271  17.000000             0 +0.0000000000     0.467529   -21.565168 -0.0377201421     0.467529   -21.565168 -0.0377201421  -0.099427  +0.018898   888.281358   +8.191740   370.852082   -6.966859            0         0
PB_B1APF          Patch             -21.569271  -0.000000             0 +0.0207201421     0.446661   -21.565523 -0.0170000000     0.467529   -21.565168 -0.0377201421  -0.099449  +0.018894   888.662828   +8.191740   370.852082   -6.966859            0         0
B1APF             Sbend             -20.069271   1.500000 +0.0000000000 +0.0000000000     0.421162   -20.065740 -0.0170000000     0.414263   -20.065857 -0.0333042309  -0.074406  +0.014479   864.247524   +8.076725   391.987138   -7.162180 +2.700000000  -0.00000
PE_B1APF          Patch             -20.069271   0.000000             0 -0.0163042309     0.414266   -20.065970 -0.0333042309     0.414266   -20.065970 -0.0333042309  -0.074397  +0.014481   864.019621   +8.076733   391.985527   -7.162165            0         0
D7_PF             Drift             -19.568919   0.500352             0 +0.0000000000     0.397606   -19.565895 -0.0333042309     0.397606   -19.565895 -0.0333042309  -0.067152  +0.014481   855.956397   +8.038377   399.186130   -7.228919            0         0
PB_B1PF           Patch             -19.568919   0.000000             0 +0.0073042309     0.385165   -19.566219 -0.0260000000     0.397606   -19.565895 -0.0333042309  -0.067154  +0.014481   856.002065   +8.038377   399.186130   -7.228919            0         0
B1PF              Sbend             -16.568919   3.000000 -0.0000000000 +0.0000000000     0.307174   -16.567233 -0.0260000000     0.314735   -16.567036 -0.0219500657  -0.040742  +0.003127   808.460741   +7.808412   443.690878   -7.610132 +3.471686580  +0.00000
PE_B1PF           Patch             -16.568919   0.000000             0 +0.0038154828     0.314384   -16.567073 -0.0221845172     0.314735   -16.567065 -0.0219500657  -0.040742  +0.003127   808.447975   +7.808415   443.690438   -7.610128            0         0
D6_PF             Drift             -16.069096   0.499823             0 +0.0000000000     0.303296   -16.067373 -0.0221845172     0.303765   -16.067362 -0.0219500657  -0.039179  +0.003127   800.661469   +7.770101   451.331049   -7.676495            0         0
PB_Q2PF           Patch             -16.069096   0.000000             0 -0.0050154828     0.333246   -16.066558 -0.0272000000     0.303765   -16.067360 -0.0219500657  -0.039180  +0.003127   800.683457   +7.770101   451.331085   -7.676496            0         0
Q2PF              Quadrupole        -12.269096   3.800000             0 +0.0000000000     0.229899   -12.267963 -0.0272000000     0.226650   -12.268052 -0.0193145282  -0.023509  +0.005400   380.706947  +80.436742   855.022712 -118.402920            0 -36.95786
PE_Q2PF           Patch             -12.269096   0.000000             0 +0.0080243103     0.226129   -12.268036 -0.0191756897     0.226649   -12.268026 -0.0193145282  -0.023508  +0.005400   380.679087  +80.436298   855.028888 -118.403347            0         0
D5_PF             Drift             -11.869099   0.399997             0 +0.0000000000     0.218459   -11.868113 -0.0191756897     0.218924   -11.868104 -0.0193145282  -0.021348  +0.005400   319.050328  +73.636931   952.374303 -124.962298            0         0
PB_Q1BPF          Patch             -11.869099  -0.000000             0 -0.0078243103     0.233625   -11.867703 -0.0270000000     0.218924   -11.868100 -0.0193145282  -0.021349  +0.005400   319.068632  +73.636869   952.375212 -124.962358            0         0
Q1BPF             Quadrupole        -10.259099   1.610000             0 +0.0000000000     0.190160   -10.258290 -0.0270000000     0.186805   -10.258381 -0.0203638927  -0.013395  +0.004415   162.247619  +29.860189  1175.772266   -4.891566            0 +67.24319
PE_Q1BPF          Patch             -10.259099   0.000000             0 +0.0067497019     0.186542   -10.258363 -0.0202502981     0.186804   -10.258358 -0.0203638927  -0.013395  +0.004415   162.239123  +29.860065  1175.772488   -4.891567            0         0
D4_PF             Drift              -9.959041   0.300058             0 +0.0000000000     0.180466    -9.958367 -0.0202502981     0.180694    -9.958362 -0.0203638927  -0.012070  +0.004415   144.814972  +28.209175  1178.709906   -4.897928            0         0
PB_Q1APF          Patch              -9.959041   0.000000             0 +0.0087502981     0.179295    -9.958380 -0.0115000000     0.180694    -9.958364 -0.0203638927  -0.012071  +0.004415   144.826461  +28.209186  1178.709886   -4.897928            0         0
Q1APF             Quadrupole         -8.499041   1.460000             0 +0.0000000000     0.162506    -8.498477 -0.0115000000     0.150717    -8.498612 -0.0209559620  -0.006226  +0.003956    91.115556  +10.625240  1003.557480 +118.041008            0 +72.60800
PE_Q1APF          Patch              -8.499041   0.000000             0 -0.0093597464     0.150643    -8.498724 -0.0208597464     0.150720    -8.498722 -0.0209559620  -0.006227  +0.003956    91.109755  +10.625378  1003.583530 +118.042540            0         0
D3_PF             Drift              -7.998981   0.500061             0 +0.0000000000     0.140212    -7.998772 -0.0208597464     0.140241    -7.998772 -0.0209559620  -0.004248  +0.003956    80.795697  +10.000240   888.998853 +111.099058            0         0
PB_B0APF          Patch              -7.998981   0.000000             0 +0.0038597464     0.141493    -7.998751 -0.0170000000     0.140241    -7.998772 -0.0209559620  -0.004248  +0.003956    80.796963  +10.000240   888.998878 +111.099059            0         0
B0APF             Sbend              -7.398981   0.600000 -0.0000000000 +0.0000000000     0.131293    -7.398837 -0.0170000000     0.128345    -7.398887 -0.0187012193  -0.002551  +0.001701    69.246573   +9.250167   760.663519 +102.774225 +3.447095822  +0.00000
PE_B0APF          Patch              -7.398981   0.000000             0 -0.0017012193     0.128345    -7.398892 -0.0187012193     0.128345    -7.398892 -0.0187012193  -0.002551  +0.001701    69.246465   +9.250173   760.664551 +102.774295            0         0
D2_PF             Drift              -6.499563   0.899418             0 +0.0000000000     0.111526    -6.499631 -0.0187012193     0.111526    -6.499631 -0.0187012193  -0.001021  +0.001701    53.618199   +8.125801   587.024567  +90.283830            0         0
PB_B0PF           Patch              -6.499563   0.000000             0 +0.0267012193     0.080497    -6.499383  0.0080000000     0.111526    -6.499631 -0.0187012193  -0.001021  +0.001701    53.656444   +8.125801   587.024567  +90.283830            0         0
B0PF              Sbend              -5.299563   1.200000 -0.0000000000 +0.0000000000     0.090097    -5.299422  0.0080000000     0.090099    -5.299422 -0.0170000000  +0.000000  +0.000000    35.937441   +6.625234   390.238498  +73.613716 +1.300000000  +0.00000
PE_B0PF           Patch              -5.299563   0.000000             0 -0.0250000000     0.090099    -5.299422 -0.0170000000     0.090099    -5.299422 -0.0170000000  +0.000000  +0.000000    35.914984   +6.625234   390.238492  +73.613715            0         0
D1_PF             Drift              -1.999375   3.300187             0 +0.0000000000     0.033998    -1.999711 -0.0170000000     0.033998    -1.999711 -0.0170000000  +0.000000  +0.000000     5.800000   +2.500000    55.627556  +27.777778            0         0
PB_SOL_F          Patch              -2.000000  -0.000625             0 +0.0250000000    -0.016000    -1.999936  0.0080000000     0.034004    -2.000961 -0.0170000000  +0.000000  +0.000000     5.806755   +2.500781    55.662292  +27.786461            0         0
STAR_DETECT_F     Solenoid           +0.000000   2.000000             0 +0.0000000000     0.000000    -0.000000  0.0080000000    -0.000000    -0.000000 -0.0170000000  +0.000000  +0.000000     0.800500   +0.000000     0.072000   -0.000000            0         0
PE_SOL_F          Patch              +0.000000   0.000000             0 -0.0250000000     0.000000    -0.000000 -0.0170000000    -0.000000    -0.000000 -0.0170000000  +0.000000  +0.000000     0.800000   +0.000000     0.072000   -0.000000            0         0
IP6               Marker             +0.000000   0.000000             0 +0.0000000000     0.000000    -0.000000 -0.0170000000    -0.000000    -0.000000 -0.0170000000  +0.000000  +0.000000     0.800000   +0.000000     0.072000   -0.000000            0         0
PB_SOL_R          Patch              +0.000000   0.000000             0 +0.0250000000     0.000000    -0.000000  0.0080000000    -0.000000    -0.000000 -0.0170000000  +0.000000  +0.000000     0.800500   +0.000000     0.072000   -0.000000            0         0
STAR_DETECT_R     Solenoid           +2.000000   2.000000             0 +0.0000000000     0.016000     1.999936  0.0080000000    -0.034009     2.000336 -0.0170000000  +0.000000  +0.000000     5.806755   -2.500781    55.662292  -27.786461            0         0
PE_SOL_R          Patch              +2.000625   0.000625             0 -0.0250000000    -0.033998     1.999711 -0.0170000000    -0.034009     2.000336 -0.0170000000  +0.000000  +0.000000     5.800000   -2.500000    55.627556  -27.777778            0         0
O1PR#1            Drift              +5.300625   3.300000             0 +0.0000000000    -0.090096     5.299234 -0.0170000000    -0.090096     5.299234 -0.0170000000  +0.000000  +0.000000    35.912500   -6.625000   390.210889  -73.611111            0         0
Q1APR             Quadrupole         +7.100625   1.800000             0 +0.0000000000    -0.120694     7.098974 -0.0170000000    -0.120694     7.098974 -0.0170000000  +0.000000  +0.000000    79.001554  -19.389999   557.483767  -10.966891            0 +74.97137
O1PR#2            Drift              +7.600625   0.500000             0 +0.0000000000    -0.129194     7.598902 -0.0170000000    -0.129194     7.598902 -0.0170000000  +0.000000  +0.000000    99.584479  -21.775852   568.505043  -11.075659            0         0
Q1BPR             Quadrupole         +9.000625   1.400000             0 +0.0000000000    -0.152993     8.998700 -0.0170000000    -0.152993     8.998700 -0.0170000000  +0.000000  +0.000000   193.965890  -49.201382   510.403586  +50.336615            0 +74.97137
O1PR#3            Drift             +10.500625   1.500000             0 +0.0000000000    -0.178491    10.498483 -0.0170000000    -0.178491    10.498483 -0.0170000000  +0.000000  +0.000000   369.662584  -67.929747   370.567727  +42.887290            0         0
Q2PR              Quadrupole        +15.000625   4.500000             0 +0.0000000000    -0.254988    14.997833 -0.0170000000    -0.254988    14.997833 -0.0170000000  +0.000000  -0.000000   803.658129   -9.187985   197.849694   +2.614642            0 -26.16495
O1PR#4            Drift             +38.000625  23.000000             0 +0.0000000000    -0.645969    37.994509 -0.0170000000    -0.645969    37.994509 -0.0170000000  +0.000000  -0.000000  1282.531698  -11.632605    98.528580   +1.703667            0         0
Q3PR              Quadrupole        +39.500625   1.500000             0 +0.0000000000    -0.671468    39.494292 -0.0170000000    -0.671468    39.494292 -0.0170000000  +0.000000  -0.000000  1300.050469   +0.006231    94.802113   +0.791857            0  -5.52503
O1PR#5            Drift             +40.000625   0.500000             0 +0.0000000000    -0.679967    39.994220 -0.0170000000    -0.679967    39.994220 -0.0170000000  +0.000000  -0.000000  1300.044431   +0.005846    94.014547   +0.783276            0         0
O_CRAB_IP6R       Drift             +55.200625  15.200000             0 +0.0000000000    -0.938355    55.192024 -0.0170000000    -0.938355    55.192024 -0.0170000000  +0.000000  -0.000000  1300.044431   -0.005846    74.168185   +0.522406            0         0
OFL               Drift             +55.700625   0.500000             0 +0.0000000000    -0.946854    55.691952 -0.0170000000    -0.946854    55.691952 -0.0170000000  +0.000000  -0.000000  1300.050469   -0.006231    73.650070   +0.513825            0         0
Q4PR              Quadrupole        +57.200625   1.500000             0 +0.0000000000    -0.972353    57.191735 -0.0170000000    -0.972353    57.191735 -0.0170000000  +0.000000  -0.000000  1225.261923  +48.886158    76.494051   -2.446754            0 -23.92366
O2PR              Drift             +73.869907  16.669282             0 +0.0000000000    -1.255717    73.858608 -0.0170000000    -1.255717    73.858608 -0.0170000000  -0.000000  -0.000000   137.666177  +16.359350   183.444201   -3.969248            0         0
B1PR              Sbend             +77.569951   3.700045 -0.0170000000 +0.0000000000    -1.287167    77.558474  0.0000000000    -1.287167    77.558474  0.0000000000  -0.031450  -0.017000    43.322759   +9.139792   214.010144   -4.290524 +4.214552137  -0.00000
O2FL              Drift             +78.569951   1.000000             0 +0.0000000000    -1.287167    78.558474  0.0000000000    -1.287167    78.558474  0.0000000000  -0.048450  -0.017000    26.994477   +7.188490   222.681882   -4.381214            0         0
Q5PR              Quadrupole        +80.069951   1.500000             0 +0.0000000000    -1.287167    80.058474  0.0000000000    -1.287167    80.058474  0.0000000000  -0.077774  -0.022530    11.804389   +3.382877   206.583390  +14.633886            0 +54.17573
OFL               Drift             +80.569951   0.500000             0 +0.0000000000    -1.287167    80.558474  0.0000000000    -1.287167    80.558474  0.0000000000  -0.089039  -0.022530     8.685055   +2.855791   192.209872  +14.113151            0         0
O3PR              Drift             +87.344921   6.774969             0 +0.0000000000    -1.287167    87.333444  0.0000000000    -1.287167    87.333444  0.0000000000  -0.241682  -0.022530    18.375977   -4.286192    48.781284   +7.057216            0         0
S_CQT06Y4#1       Drift             +87.769378   0.424458             0 +0.0000000000    -1.287167    87.757901  0.0000000000    -1.287167    87.757901  0.0000000000  -0.251246  -0.022530    22.204513   -4.733643    42.977944   +6.615156            0         0
TQ4_PR            Quadrupole        +88.519378   0.750000             0 +0.0000000000    -1.287167    88.507901  0.0000000000    -1.287167    88.507901  0.0000000000  -0.264372  -0.012388    29.106452   -4.378474    34.728434   +4.491899            0 -48.00000
S_CQT06Y4#2       Drift             +88.649454   0.130075             0 +0.0000000000    -1.287167    88.637977  0.0000000000    -1.287167    88.637977  0.0000000000  -0.265983  -0.012388    30.257242   -4.468618    33.570179   +4.412580            0         0
QD4_PR            Quadrupole        +90.461403   1.811949             0 +0.0000000000    -1.287167    90.449926  0.0000000000    -1.287167    90.449926 -0.0000000000  -0.246005  +0.033851    36.610930   +1.342557    28.062886   -1.057068            0 -89.00000
S_CQT06Y4#3       Drift             +91.765101   1.303698             0 +0.0000000000    -1.287167    91.753624  0.0000000000    -1.287167    91.753624 -0.0000000000  -0.201874  +0.033851    33.240454   +1.242762    30.947323   -1.155435            0         0
O_ROTATOR_IP6R    Pipe             +103.888775  12.123674             0 +0.0000000000    -1.287167   103.877298  0.0000000000    -1.287167   103.877298 -0.0000000000  +0.208524  +0.033851    14.357913   +0.314731    70.053710   -2.070187            0         0
S_CRT06Y5#1       Drift            +104.312258   0.423483             0 +0.0000000000    -1.287167   104.300781  0.0000000000    -1.287167   104.300781 -0.0000000000  +0.222859  +0.033851    14.105074   +0.282315    71.820619   -2.102140            0         0
TQ5_PR            Quadrupole       +105.062258   0.750000             0 +0.0000000000    -1.287167   105.050781  0.0000000000    -1.287167   105.050781 -0.0000000000  +0.248248  +0.033851    13.724660   +0.224904    75.016270   -2.158728            0  -0.00000
S_CRT06Y5#2       Drift            +105.193308   0.131050             0 +0.0000000000    -1.287167   105.181831  0.0000000000    -1.287167   105.181831 -0.0000000000  +0.252684  +0.033851    13.667027   +0.214873    75.583369   -2.168616            0         0
QF5_PR            Quadrupole       +106.303308   1.110000             0 +0.0000000000    -1.287167   106.291831  0.0000000000    -1.287167   106.291831 -0.0000000000  +0.303328  +0.058142    14.636188   -1.116264    73.027303   +4.395831            0 +72.79539
S_CRT06Y5#3       Drift            +107.607969   1.304661             0 +0.0000000000    -1.287167   107.596492  0.0000000000    -1.287167   107.596492 -0.0000000000  +0.379184  +0.058142    17.810087   -1.316475    62.030866   +4.032747            0         0
OFL               Drift            +108.107969   0.500000             0 +0.0000000000    -1.287167   108.096492  0.0000000000    -1.287167   108.096492 -0.0000000000  +0.408255  +0.058142    19.164926   -1.393204    58.067694   +3.893598            0         0
B2PR              Sbend            +111.807971   3.700002 +0.0036745387 +0.0000000000    -1.293965   111.796486 -0.0036745387    -1.293965   111.796486 -0.0036745387  +0.630179  +0.061817    31.575455   -1.960999    33.064362   +2.864010 -0.910983109  -0.00000
OFL               Drift            +112.307971   0.500000             0 +0.0000000000    -1.295802   112.296482 -0.0036745387    -1.295802   112.296482 -0.0036745387  +0.661088  +0.061817    33.574819   -2.037728    30.269933   +2.724849            0         0
S_CRT06Y6#1       Drift            +112.731454   0.423483             0 +0.0000000000    -1.297358   112.719963 -0.0036745387    -1.297358   112.719963 -0.0036745387  +0.687266  +0.061817    35.328226   -2.102715    28.011993   +2.606984            0         0
TQ6_PR            Quadrupole       +113.481454   0.750000             0 +0.0000000000    -1.300114   113.469958 -0.0036745387    -1.300114   113.469958 -0.0036745387  +0.728464  +0.047909    38.019955   -1.468633    24.634646   +1.918215            0 -24.00000
S_CRT06Y6#2       Drift            +113.612504   0.131050             0 +0.0000000000    -1.300596   113.601007 -0.0036745387    -1.300596   113.601007 -0.0036745387  +0.734743  +0.047909    38.406310   -1.479515    24.135145   +1.893321            0         0
QD6_PR            Quadrupole       +114.722504   1.110000             0 +0.0000000000    -1.304674   114.710999 -0.0036745387    -1.304674   114.710999 -0.0036745387  +0.751882  -0.017277    37.991825   +1.840828    22.304276   -0.191138            0 -71.88866
S_CRT06Y6#3       Drift            +116.027165   1.304661             0 +0.0000000000    -1.309468   116.015651 -0.0036745387    -1.309468   116.015651 -0.0036745387  +0.729341  -0.017277    33.385135   +1.690119    22.882120   -0.251769            0         0
OD5IFL            Drift            +117.812614   1.785449             0 +0.0000000000    -1.316029   117.801088 -0.0036745387    -1.316029   117.801088 -0.0036745387  +0.698493  -0.017277    27.718136   +1.483872    23.929308   -0.334743            0         0
DH5_PR            Sbend            +124.728614   6.916000 +0.0285148155 +0.0000000000    -1.440036   124.715742 -0.0321893543    -1.440036   124.715742 -0.0321893543  +0.677333  +0.011159    12.705544   +0.686244    30.782304   -0.656147 -3.782030724  -0.00000
OD5IFL            Drift            +126.514063   1.785449             0 +0.0000000000    -1.497498   126.500266 -0.0321893543    -1.497498   126.500266 -0.0321893543  +0.697256  +0.011159    10.624094   +0.479541    33.273482   -0.739121            0         0
S_CQ06Y7#1        Drift            +127.818724   1.304661             0 +0.0000000000    -1.539487   127.804251 -0.0321893543    -1.539487   127.804251 -0.0321893543  +0.711814  +0.011159     9.569875   +0.328500    35.281189   -0.799752            0         0
QF7_PR            Quadrupole       +128.748468   0.929744             0 +0.0000000000    -1.569410   128.733513 -0.0321893543    -1.569410   128.733513 -0.0321893543  +0.737931  +0.045229     9.468461   -0.217831    35.239895   +0.843515            0 +46.54162
S_CQ06Y7#2        Drift            +129.242085   0.493617             0 +0.0000000000    -1.585296   129.226875 -0.0321893543    -1.585296   129.226875 -0.0321893543  +0.760257  +0.045229     9.710466   -0.272438    34.418983   +0.819541            0         0
ODSFL             Drift            +129.759366   0.517282             0 +0.0000000000    -1.601944   129.743888 -0.0321893543    -1.601944   129.743888 -0.0321893543  +0.783653  +0.045229    10.021921   -0.329662    33.584112   +0.794418            0         0
DH6_PR            Sbend            +132.708793   2.949427 +0.0121605501 +0.0000000000    -1.714789   132.691137 -0.0443499044    -1.714789   132.691137 -0.0443499044  +0.934923  +0.057346    12.927172   -0.655311    29.320453   +0.651171 -3.782030724  -0.00000
ODSFL             Drift            +133.226075   0.517282             0 +0.0000000000    -1.737723   133.207910 -0.0443499044    -1.737723   133.207910 -0.0443499044  +0.964587  +0.057346    13.634721   -0.712510    28.659771   +0.626048            0         0
S_CQ06Y8#1        Drift            +133.719564   0.493489             0 +0.0000000000    -1.759602   133.700914 -0.0443499044    -1.759602   133.700914 -0.0443499044  +0.992887  +0.057346    14.364881   -0.767078    28.053703   +0.602080            0         0
QD8_PR            Quadrupole       +134.829564   1.110000             0 +0.0000000000    -1.808815   134.809823 -0.0443499044    -1.808815   134.809823 -0.0443499044  +1.079376  +0.099071    16.911676   -1.561543    25.575702   +1.596866            0 +33.40291
S_CQ06Y8#2        Drift            +136.134097   1.304533             0 +0.0000000000    -1.866652   136.113073 -0.0443499044    -1.866652   136.113073 -0.0443499044  +1.208617  +0.099071    21.331850   -1.826776    21.645588   +1.415793            0         0
ODSFL             Drift            +136.651378   0.517282             0 +0.0000000000    -1.889585   136.629846 -0.0443499044    -1.889585   136.629846 -0.0443499044  +1.259865  +0.099071    23.276169   -1.931948    20.218002   +1.343993            0         0
DH9_PR            Sbend            +139.600805   2.949427 +0.0121605501 +0.0000000000    -2.038262   139.575505 -0.0565104544    -2.038262   139.575505 -0.0565104544  +1.569900  +0.111161    36.436466   -2.529817    13.497447   +0.934604 -3.782030724  -0.00000
ODSFL             Drift            +140.118087   0.517282             0 +0.0000000000    -2.067478   140.091961 -0.0565104544    -2.067478   140.091961 -0.0565104544  +1.627401  +0.111161    39.108065   -2.634873    12.567681   +0.862804            0         0
S_CQB06Y9#1       Drift            +141.422620   1.304533             0 +0.0000000000    -2.141158   141.394411 -0.0565104544    -2.141158   141.394411 -0.0565104544  +1.772414  +0.111161    46.328245   -2.899813    10.552784   +0.681731            0         0
QF9_PR            Quadrupole       +142.532620   1.110000             0 +0.0000000000    -2.203852   142.502639 -0.0565104544    -2.203852   142.502639 -0.0565104544  +1.788470  -0.082521    47.184279   +2.159590    10.406349   -0.544591            0 -89.00000
S_CQB06Y9#2       Drift            +143.837281   1.304661             0 +0.0000000000    -2.277539   143.805218 -0.0565104544    -2.277539   143.805218 -0.0565104544  +1.680808  -0.082521    41.753533   +2.002983    12.039442   -0.707146            0         0
ODFL              Drift            +144.358878   0.521597             0 +0.0000000000    -2.306999   144.325982 -0.0565104544    -2.306999   144.325982 -0.0565104544  +1.637765  -0.082521    39.696692   +1.940373    12.811029   -0.772134            0         0
DH8_PR            Sbend            +153.799534   9.440656 +0.0389240268 +0.0000000000    -3.023494   153.738812 -0.0954344812    -3.023494   153.738812 -0.0954344812  +1.041382  -0.043807    13.729747   +0.808783    38.494593   -1.948393 -3.782030724  -0.00000
S_YI6_DH9_DH10#1  Drift            +154.816503   1.016969             0 +0.0000000000    -3.120401   154.751154 -0.0954344812    -3.120401   154.751154 -0.0954344812  +0.996832  -0.043807    12.209334   +0.686260    42.586365   -2.075103            0         0
YI6_BV10          Monitor          +154.816503   0.000000             0 +0.0000000000    -3.120401   154.751154 -0.0954344812    -3.120401   154.751154 -0.0954344812  +0.996832  -0.043807    12.209334   +0.686260    42.586365   -2.075103            0         0
S_YI6_DH9_DH10#2  Drift            +155.042731   0.226228             0 +0.0000000000    -3.141958   154.976352 -0.0954344812    -3.141958   154.976352 -0.0954344812  +0.986922  -0.043807    11.904998   +0.659005    43.531633   -2.103290            0         0
YI6_SXD10         Sextupole        +155.792731   0.750000             0 +0.0000000000    -3.213425   155.722939 -0.0954344812    -3.213425   155.722939 -0.0954344812  +0.954067  -0.043807    10.984259   +0.568647    46.756652   -2.196736            0         0
S_YI6_DH9_DH10#3  Drift            +155.923781   0.131050             0 +0.0000000000    -3.225913   155.853393 -0.0954344812    -3.225913   155.853393 -0.0954344812  +0.948326  -0.043807    10.837286   +0.552858    47.334556   -2.213064            0         0
YI6_QD10          Quadrupole       +157.033781   1.110000             0 +0.0000000000    -3.331685   156.958342 -0.0954344812    -3.331685   156.958342 -0.0954344812  +0.948326  +0.043807    10.837286   -0.552858    47.334556   +2.213064            0 +77.00554
S_YI6_DH9_DH10#4  Drift            +157.579031   0.545250             0 +0.0000000000    -3.383641   157.501111 -0.0954344812    -3.383641   157.501111 -0.0954344812  +0.972211  +0.043807    11.475995   -0.618549    44.958252   +2.145129            0         0
YI6_SQ10          Multipole        +157.579031   0.000000             0             0    -3.383641   157.501111 -0.0954344812    -3.383641   157.501111 -0.0954344812  +0.972211  +0.043807    11.475995   -0.618549    44.958252   +2.145129            0         0
YI6_TV10          Vkicker          +157.579031   0.000000             0 +0.0000000000    -3.383641   157.501111 -0.0954344812    -3.383641   157.501111 -0.0954344812  +0.972211  +0.043807    11.475995   -0.618549    44.958252   +2.145129            0         0
S_YI6_DH9_DH10#5  Drift            +159.155218   1.576187             0 +0.0000000000    -3.533836   159.070125 -0.0954344812    -3.533836   159.070125 -0.0954344812  +1.041259  +0.043807    13.725203   -0.808444    38.505543   +1.948743            0         0
YI6_DH10          Sbend            +168.595874   9.440656 +0.0389240268 +0.0000000000    -4.616081   168.447944 -0.1343585080    -4.616081   168.447944 -0.1343585080  +1.637642  +0.082521    39.685769   -1.940036    12.815369   +0.772484 -3.782030724  -0.00000
S_YI6_DH10_DH11#1 Drift            +169.610033   1.014160             0 +0.0000000000    -4.751932   169.452963 -0.1343585080    -4.751932   169.452963 -0.1343585080  +1.721332  +0.082521    43.744240   -2.061772    11.376673   +0.646125            0         0
YI6_BH11          Monitor          +169.610033   0.000000             0 +0.0000000000    -4.751932   169.452963 -0.1343585080    -4.751932   169.452963 -0.1343585080  +1.721332  +0.082521    43.744240   -2.061772    11.376673   +0.646125            0         0
S_YI6_DH10_DH11#2 Drift            +169.836261   0.226228             0 +0.0000000000    -4.782236   169.677152 -0.1343585080    -4.782236   169.677152 -0.1343585080  +1.740000  +0.082521    44.683243   -2.088928    11.090707   +0.617938            0         0
YI6_SXF11         Sextupole        +170.586261   0.750000             0 +0.0000000000    -4.882702   170.420393 -0.1343585080    -4.882702   170.420393 -0.1343585080  +1.801891  +0.082521    47.884155   -2.178955    10.233885   +0.524492            0         0
S_YI6_DH10_DH11#3 Drift            +170.717311   0.131050             0 +0.0000000000    -4.900257   170.550261 -0.1343585080    -4.900257   170.550261 -0.1343585080  +1.812705  +0.082521    48.457321   -2.194686    10.098555   +0.508164            0         0
YI6_QF11          Quadrupole       +171.827311   1.110000             0 +0.0000000000    -5.048947   171.650258 -0.1343585080    -5.048947   171.650258 -0.1343585080  +1.812705  -0.082521    48.457321   +2.194686    10.098555   -0.508164            0 -74.61127
S_YI6_DH10_DH11#4 Drift            +172.372561   0.545250             0 +0.0000000000    -5.121985   172.190593 -0.1343585080    -5.121985   172.190593 -0.1343585080  +1.767711  -0.082521    46.099702   +2.129236    10.689749   -0.576099            0         0
YI6_TH11          Vkicker          +172.372561   0.000000             0 +0.0000000000    -5.121985   172.190593 -0.1343585080    -5.121985   172.190593 -0.1343585080  +1.767711  -0.082521    46.099702   +2.129236    10.689749   -0.576099            0         0
S_YI6_DH10_DH11#5 Drift            +173.948748   1.576187             0 +0.0000000000    -5.333123   173.752575 -0.1343585080    -5.333123   173.752575 -0.1343585080  +1.637642  -0.082521    39.685769   +1.940036    12.815369   -0.772484            0         0
YI6_DH11          Sbend            +183.389404   9.440656 +0.0389240268 +0.0000000000    -6.779479   183.081176 -0.1732825347    -6.779479   183.081176 -0.1732825347  +1.041259  -0.043807    13.725203   +0.808444    38.505543   -1.948743 -3.782030724  -0.00000
S_YI6_DH11_DH12#1 Drift            +184.403563   1.014160             0 +0.0000000000    -6.954337   184.080147 -0.1732825347    -6.954337   184.080147 -0.1732825347  +0.996832  -0.043807    12.209334   +0.686260    42.586365   -2.075103            0         0
YI6_BV12          Monitor          +184.403563   0.000000             0 +0.0000000000    -6.954337   184.080147 -0.1732825347    -6.954337   184.080147 -0.1732825347  +0.996832  -0.043807    12.209334   +0.686260    42.586365   -2.075103            0         0
