# Universe 3. Values shown are for the Exit End of each Element:
name      key                        s     length         angle       x_pitch     magnet x     magnet z  magnet theta      orbit x      orbit z   orbit theta               dispersion               dispersion                  beta x                  alpha x                  beta y                  alpha y
#                                  (m)        (m)         [rad]                        (m)          (m)           (m)          (m)          (m)           (m)                      (m)               derivative                     (m)                                              (m)
BEGINNING Beginning_Ele    -102.535964          0             0             0    -0.879642   102.528262 -0.0463970000    -0.879642   102.528262 -0.0463970000 +3.37152530900000025E-01 +1.34128700600000001E-02 1.61275638900000011E+01 +5.58017139300000034E-02 1.48515696500000001E+01 +1.27579561300000005E-01
MROT4     Marker           -102.535964   0.000000             0 +0.0000000000    -0.879642   102.528262 -0.0463970000    -0.879642   102.528262 -0.0463970000 +3.37152530900000025E-01 +1.34128700600000001E-02 1.61275638900000011E+01 +5.58017139300000034E-02 1.48515696500000001E+01 +1.27579561300000005E-01
ODF60_5   Drift            -102.216059   0.319905             0 +0.0000000000    -0.894480   102.847823 -0.0463970000    -0.894480   102.847823 -0.0463970000 +3.41443378570989275E-01 +1.34128700600000001E-02 1.60982267446204084E+01 +3.59040162846315652E-02 1.47769458754237757E+01 +1.05688796965177897E-01
Q13EF_5   Quadrupole       -101.616059   0.600000             0 +0.0000000000    -0.922308   103.447177 -0.0463970000    -0.922308   103.447177 -0.0463970000 +3.31047708189087464E-01 -4.77522135614619064E-02 1.44004993228920650E+01 +2.69088570216144873E+00 1.63230148355471272E+01 -2.77470729447345965E+00
ODEF_5    Drift            -101.116059   0.500000             0 +0.0000000000    -0.945498   103.946639 -0.0463970000    -0.945498   103.946639 -0.0463970000 +3.07171601408356532E-01 -4.77522135614619064E-02 1.18526792477848915E+01 +2.40475444805289706E+00 1.92309542666333044E+01 -3.04117156769889796E+00
D2EF_5    Sbend             -98.192757   2.923301 +0.0140299444 +0.0000000000    -1.101562   106.865747 -0.0604269444    -1.101562   106.865747 -0.0604269444 +1.88088625086540923E-01 -3.37220390443318668E-02 2.68355469466217134E+00 +7.31913752094573766E-01 4.15601804860971100E+01 -4.59643685868253105E+00
ODEF_5    Drift             -97.692757   0.500000             0 +0.0000000000    -1.131757   107.364835 -0.0604269444    -1.131757   107.364835 -0.0604269444 +1.71227605564374996E-01 -3.37220390443318668E-02 2.09470656962187363E+00 +4.45782497986022097E-01 4.62897209041064457E+01 -4.86264397733613585E+00
Q12EF_5   Quadrupole        -97.092757   0.600000             0 +0.0000000000    -1.167991   107.963740 -0.0604269444    -1.167991   107.963740 -0.0604269444 +1.60946010204942203E-01 -8.91369095896888666E-04 1.99148040618456990E+00 -2.66923739150520700E-01 4.65271843460979966E+01 +4.48280170295574010E+00
ODEF_5    Drift             -96.592757   0.500000             0 +0.0000000000    -1.198186   108.462827 -0.0604269444    -1.198186   108.462827 -0.0604269444 +1.60500325656993764E-01 -8.91369095896888666E-04 2.39288303340189268E+00 -5.35881515284124310E-01 4.21577331037627658E+01 +4.25610078171471429E+00
D2EF_5    Sbend             -93.669456   2.923301 +0.0140299444 +0.0000000000    -1.395188   111.379459 -0.0744568888    -1.395188   111.379459 -0.0744568888 +1.78401209964452245E-01 +1.31388054212331386E-02 1.01224235668768294E+01 -2.10831901363601570E+00 2.11427876881093084E+01 +2.93196398188347773E+00
ODEF_5    Drift             -93.169456   0.500000             0 +0.0000000000    -1.432382   111.878073 -0.0744568888    -1.432382   111.878073 -0.0744568888 +1.84970612675068813E-01 +1.31388054212331386E-02 1.23652214685796480E+01 -2.37727678976961920E+00 1.83242951761737025E+01 +2.70502104198773630E+00
Q11EF_5   Quadrupole        -92.569456   0.600000             0 +0.0000000000    -1.477015   112.476411 -0.0744568888    -1.477015   112.476411 -0.0744568888 +1.81717109201604859E-01 -2.38752246896148795E-02 1.37568635368913483E+01 +1.51335047435428471E-01 1.72691535734088149E+01 -8.76713215981139715E-01
ODEF_5    Drift             -92.069456   0.500000             0 +0.0000000000    -1.514209   112.975026 -0.0744568888    -1.514209   112.975026 -0.0744568888 +1.69779496856797413E-01 -2.38752246896148795E-02 1.36241174340550870E+01 +1.14157158237094908E-01 1.81714706219049340E+01 -9.27920881011096266E-01
D2EF_5    Sbend             -89.146155   2.923301 +0.0140299444 +0.0000000000    -1.752110   115.888606 -0.0884868331    -1.752110   115.888606 -0.0884868331 +1.20493856736878277E-01 -9.84505017248484514E-03 1.35920875127201022E+01 -1.03200034127522655E-01 2.44677536003084910E+01 -1.22569355497949850E+00
ODEF_5    Drift             -88.646155   0.500000             0 +0.0000000000    -1.796296   116.386650 -0.0884868331    -1.796296   116.386650 -0.0884868331 +1.15571331650635850E-01 -9.84505017248484514E-03 1.37138764914467917E+01 -1.40377923325856191E-01 2.57190147322261424E+01 -1.27682870885579747E+00
Q10EF_5   Quadrupole        -88.046155   0.600000             0 +0.0000000000    -1.849319   116.984302 -0.0884868331    -1.849319   116.984302 -0.0884868331 +1.12987223485830221E-01 +1.18960886896718986E-03 1.47302164761736769E+01 -1.58626588244135669E+00 2.57601123040482847E+01 +1.20966713036806461E+00
OMEF_5    Drift             -83.546155   4.500000             0 +0.0000000000    -2.246990   121.466697 -0.0884868331    -2.246990   121.466697 -0.0884868331 +1.18340463396182580E-01 +1.18960886896718986E-03 3.38404724488468673E+01 -2.66045766704157582E+00 1.68095016673272468E+01 +7.79357455569943847E-01
Q9EF_5    Quadrupole        -82.946155   0.600000             0 +0.0000000000    -2.300013   122.064349 -0.0884868331    -2.300013   122.064349 -0.0884868331 +1.13675518723154650E-01 -1.66207881905716393E-02 3.39249759549854843E+01 +2.52393641242421207E+00 1.74357271853316291E+01 -1.85467758110330450E+00
OMEF_5    Drift             -78.446155   4.500000             0 +0.0000000000    -2.697684   126.546743 -0.0884868331    -2.697684   126.546743 -0.0884868331 +3.88819718655822738E-02 -1.66207881905716393E-02 1.56088929687391023E+01 +1.54630425118609516E+00 3.92842800255997702E+01 -3.00055638340072672E+00
Q8EF_5    Quadrupole        -77.846155   0.600000             0 +0.0000000000    -2.750707   127.144396 -0.0884868331    -2.750707   127.144396 -0.0884868331 +3.04140924259873983E-02 -1.18028220388218530E-02 1.50765990541812105E+01 -6.34440653644709585E-01 3.95666579540150281E+01 +2.54318107558621964E+00
OMEF_5    Drift             -73.346155   4.500000             0 +0.0000000000    -3.148379   131.626790 -0.0884868331    -3.148379   131.626790 -0.0884868331 -2.26986067487109401E-02 -1.18028220388218530E-02 2.26703404153674519E+01 -1.05305742661889989E+00 2.04999922701917079E+01 +1.69385574304118469E+00
Q7EF_5    Quadrupole        -72.746155   0.600000             0 +0.0000000000    -3.201401   132.224443 -0.0884868331    -3.201401   132.224443 -0.0884868331 -2.85200821830638961E-02 -7.43784479427397026E-03 2.16605304515440267E+01 +2.67879909070309719E+00 2.05473606585051201E+01 -1.77545364109921167E+00
OMEF_5    Drift             -68.246155   4.500000             0 +0.0000000000    -3.599073   136.706837 -0.0884868331    -3.599073   136.706837 -0.0884868331 -6.19903837572967631E-02 -7.43784479427397026E-03 5.19488563326858888E+00 +9.80233091135888968E-01 4.06185880565679653E+01 -2.68481911402586482E+00
Q6EF_5    Quadrupole        -67.646155   0.600000             0 +0.0000000000    -3.652096   137.304489 -0.0884868331    -3.652096   137.304489 -0.0884868331 -6.98648772555368613E-02 -1.90431271050284234E-02 4.64751006894726792E+00 -3.57653726429441043E-02 3.95099999181938770E+01 +4.46636998562417631E+00
OMEF_5    Drift             -63.146155   4.500000             0 +0.0000000000    -4.049767   141.786884 -0.0884868331    -4.049767   141.786884 -0.0884868331 -1.55558949228164767E-01 -1.90431271050284234E-02 9.33214379117331028E+00 -1.00526434340728765E+00 1.00493527370254832E+01 +2.08044049907991102E+00
Q5EF_5    Quadrupole        -62.546155   0.600000             0 +0.0000000000    -4.102790   142.384536 -0.0884868331    -4.102790   142.384536 -0.0884868331 -1.57730185654443883E-01 +1.18765406843239947E-02 9.46862299844811872E+00 +7.86761132552158626E-01 8.77677617014172462E+00 +1.22789720463022611E-01
O5EF_5    Drift             -54.546155   8.000000             0 +0.0000000000    -4.809761   150.353237 -0.0884868331    -4.809761   150.353237 -0.0884868331 -6.27178601798519253E-02 +1.18765406843239947E-02 7.82348877295576983E+00 -5.81119354365615015E-01 1.42140553013180480E+01 -8.02449611860063028E-01
Q4EF_5    Quadrupole        -53.946155   0.600000             0 +0.0000000000    -4.862784   150.950889 -0.0884868331    -4.862784   150.950889 -0.0884868331 -5.84947669774040571E-02 +2.31221585875022399E-03 9.40031140301527834E+00 -2.12999634678951821E+00 1.38432597343159536E+01 +1.40065593592264492E+00
O4EF_5    Drift             -41.993279  11.952877             0 +0.0000000000    -5.919076   162.857002 -0.0884868331    -5.919076   162.857002 -0.0884868331 -3.08571358495305474E-02 +2.31221585875022399E-03 1.44472187665078565E+02 -9.17036919175006382E+00 1.09275700483154559E+01 -1.15672388907057022E+00
Q3EF_5    Quadrupole        -41.393279   0.600000             0 +0.0000000000    -5.972099   163.454654 -0.0884868331    -5.972099   163.454654 -0.0884868331 -2.88989036324840236E-02 +4.19471316926913786E-03 1.50035266666659567E+02 +1.53333333333218746E-02 1.28457745279458422E+01 -2.08034263968726885E+00
OQCEF_5   Drift             -41.093279   0.300000             0 +0.0000000000    -5.998611   163.753481 -0.0884868331    -5.998611   163.753481 -0.0884868331 -2.76404896817032814E-02 +4.19471316926913786E-03 1.50026666666659565E+02 +1.33333333333217809E-02 1.41313078956004254E+01 -2.20476858582801016E+00
O_CRAB_EF Drift             -37.093279   4.000000             0 +0.0000000000    -6.352096   167.737831 -0.0884868331    -6.352096   167.737831 -0.0884868331 -1.08616370046267299E-02 +4.19471316926913786E-03 1.50026666666659679E+02 -1.33333333333461364E-02 3.84055070430640484E+01 -3.86378120103789602E+00
OQCEF_5   Drift             -36.793279   0.300000             0 +0.0000000000    -6.378608   168.036657 -0.0884868331    -6.378608   168.036657 -0.0884868331 -9.60322305384598771E-03 +4.19471316926913786E-03 1.50035266666659680E+02 -1.53333333333462302E-02 4.07611035475290109E+01 -3.98820714717863734E+00
Q2EF_5    Quadrupole        -36.193279   0.600000             0 +0.0000000000    -6.431630   168.634310 -0.0884868331    -6.431630   168.634310 -0.0884868331 -7.24400275894758038E-03 +3.69283732316658423E-03 1.55500583334663730E+02 -9.20213309608775099E+00 4.41368217711094744E+01 -1.57058706016810312E+00
ODEF_5    Drift             -35.693279   0.500000             0 +0.0000000000    -6.475816   169.132354 -0.0884868331    -6.475816   169.132354 -0.0884868331 -5.39758409736428805E-03 +3.69283732316658423E-03 1.64840463910022521E+02 -9.47762805462985902E+00 4.57270451778384199E+01 -1.60985975328979847E+00
D1EF_5    Sbend             -32.770000   2.923279 -0.0036928331 +0.0000000000    -6.728773   172.044666 -0.0847940000    -6.728773   172.044666 -0.0847940000 +6.14131638161780150E-14 +3.74049806961998548E-15 2.24960329740927875E+02 -1.10883214884486332E+01 5.58097090984138759E+01 -1.83921102238994827E+00
O2EF_5    Drift             -11.870000  20.900000             0 +0.0000000000    -8.498845   192.869575 -0.0847940000    -8.498845   192.869575 -0.0847940000 +1.39589573471235701E-13 +3.74049806961998548E-15 9.29130073639636976E+02 -2.26040107555087459E+01 1.66991111772049635E+02 -3.48047331606152399E+00
Q1EF_5    Quadrupole        -10.260000   1.610000             0 +0.0000000000    -8.635200   194.473790 -0.0847940000    -8.635200   194.473790 -0.0847940000 +1.31124556033115157E-13 -1.41148344620580527E-14 7.61035402312148108E+02 +1.17409951636560947E+02 2.30019141120222884E+02 -3.91394792794409980E+01
O1EF_5    Drift              -6.500000   3.760000             0 +0.0000000000    -8.953643   198.220281 -0.0847940000    -8.953643   198.220281 -0.0847940000 +7.80527784557768813E-14 -1.41148344620580527E-14 1.34214083393136207E+02 +4.92978459482826565E+01 6.18564143622570100E+02 -6.41969575562896750E+01
Q0EF_5    Quadrupole         -5.300000   1.200000             0 +0.0000000000    -9.055274   199.415970 -0.0847940000    -9.055274   199.415970 -0.0847940000 +7.20358438309959972E-14 +3.99337408001858132E-15 6.73009523809495249E+01 +1.26190476190470378E+01 5.61850000000011391E+02 +1.06000000000002217E+02
O0EF_5    Drift              +0.000000   5.300000             0 +0.0000000000    -9.504144   204.696928 -0.0847940000    -9.504144   204.696928 -0.0847940000 +9.32007264550944795E-14 +3.99337408001858132E-15 4.20000000000030127E-01 +3.90798504668055102E-14 4.99999999999545253E-02 -5.68434188608080149E-14
IP6       Marker             +0.000000   0.000000             0 +0.0000000000    -9.504144   204.696928 -0.0847940000    -9.504144   204.696928 -0.0847940000 +9.32007264550944795E-14 +3.99337408001858132E-15 4.20000000000030127E-01 +3.90798504668055102E-14 4.99999999999545253E-02 -5.68434188608080149E-14
O0ER_6    Drift              +5.300000   5.300000             0 +0.0000000000    -9.953014   209.977885 -0.0847940000    -9.953014   209.977885 -0.0847940000 +1.14365609079192949E-13 +3.99337408001858132E-15 6.73009523809471943E+01 -1.26190476190466736E+01 5.61850000000511500E+02 -1.06000000000096463E+02
Q1ER_6    Quadrupole         +7.100000   1.800000             0 +0.0000000000   -10.105460   211.771418 -0.0847940000   -10.105460   211.771418 -0.0847940000 +1.73442838043214101E-13 +6.62555722362507164E-14 2.09605349584728231E+02 -8.46728210779643717E+01 5.16791760900469171E+02 +1.24671717064730018E+02
O1ER_6    Drift              +7.600000   0.500000             0 +0.0000000000   -10.147807   212.269622 -0.0847940000   -10.147807   212.269622 -0.0847940000 +2.06570624161339459E-13 +6.62555722362507164E-14 3.02830536625091952E+02 -1.01777553002763028E+02 3.99639531476555931E+02 +1.09632741783096435E+02
Q2ER_6    Quadrupole         +9.000000   1.400000             0 +0.0000000000   -10.266376   213.664592 -0.0847940000   -10.266376   213.664592 -0.0847940000 +2.44022414373462895E-13 -1.49884165860644019E-14 4.62480757222884051E+02 +4.15224547669757271E+00 2.59435147077566796E+02 +4.14036867278483101E+00
O2ER_6    Drift              +9.500000   0.500000             0 +0.0000000000   -10.308722   214.162795 -0.0847940000   -10.308722   214.162795 -0.0847940000 +2.36528206080430678E-13 -1.49884165860644019E-14 4.58338372233468306E+02 +4.13252450213390610E+00 2.55312261244858718E+02 +4.10540299263133690E+00
D2ER_6    Sbend             +15.000075   5.500075 -0.0180766386 +0.0000000000   -10.724980   219.647021 -0.0667173614   -10.724980   219.647021 -0.0667173614 -4.97100794375534075E-02 -1.80771308891943400E-02 4.14075480944009428E+02 +3.91560264254042645E+00 2.12191650746018354E+02 +3.73332030904834689E+00
O3ER_6    Drift             +37.700075  22.700000             0 +0.0000000000   -12.238341   242.296519 -0.0667173614   -12.238341   242.296519 -0.0667173614 -4.60060950622264986E-01 -1.80771308891943400E-02 2.56631162938497482E+02 +3.02027039734996672E+00 7.89738392943372958E+01 +2.13530574609178636E+00
Q3ER_6    Quadrupole        +38.300075   0.600000             0 +0.0000000000   -12.278342   242.895184 -0.0667173614   -12.278342   242.895184 -0.0667173614 -4.65494686014819581E-01 -8.25601207632286160E-15 2.47120822412007385E+02 +1.27065137796572589E+01 7.82586434427883262E+01 -9.34032901257513259E-01
OQCER_6   Drift             +38.600075   0.300000             0 +0.0000000000   -12.298342   243.194516 -0.0667173614   -12.298342   243.194516 -0.0667173614 -4.65494686014822079E-01 -8.25601207632286160E-15 2.39556079511891198E+02 +1.25092958873967248E+01 7.88212165248741314E+01 -9.41210705695180394E-01
O_CRAB_ER Drift             +42.600075   4.000000             0 +0.0000000000   -12.565013   247.185617 -0.0667173614   -12.565013   247.185617 -0.0667173614 -4.65494686014855108E-01 -8.25601207632286160E-15 1.49999999999945913E+02 +9.87972399058959816E+00 8.67337184071111551E+01 -1.03691476486407597E+00
O4ER_6    Drift             +54.200075  11.600000             0 +0.0000000000   -13.338361   258.759810 -0.0667173614   -13.338361   258.759810 -0.0667173614 -4.65494686014950865E-01 -8.25601207632286160E-15 9.24920202685893855E+00 +2.25396548984893386E+00 1.14009625502399359E+02 -1.31445653645387295E+00
Q4ER_6    Quadrupole        +54.800075   0.600000             0 +0.0000000000   -13.378361   259.358475 -0.0667173614   -13.378361   259.358475 -0.0667173614 -4.76735245169150945E-01 -3.76186028047473670E-02 7.14943402145639517E+00 +1.30158151502071906E+00 1.10148631885081585E+02 +7.64593491209609688E+00
O5ER_6    Drift             +62.904257   8.104182             0 +0.0000000000   -13.918650   267.444627 -0.0667173614   -13.918650   267.444627 -0.0667173614 -7.81603254754474897E-01 -3.76186028047473670E-02 1.08022178142553731E+01 -1.75230975908879794E+00 2.16746384254153668E+01 +3.27114367229211389E+00
Q5ER_6    Quadrupole        +63.504257   0.600000             0 +0.0000000000   -13.958651   268.043292 -0.0667173614   -13.958651   268.043292 -0.0667173614 -7.57328695742370939E-01 +1.17723586627475604E-01 1.16267807200771696E+01 +4.33415315580203853E-01 2.03347958513357874E+01 -9.49517212499912056E-01
OMER_6    Drift             +68.935741   5.431484             0 +0.0000000000   -14.320756   273.462692 -0.0667173614   -14.320756   273.462692 -0.0667173614 -1.17914906396342611E-01 +1.17723586627475604E-01 9.93257250382982626E+00 -1.21491689543980375E-01 3.34081219963305429E+01 -1.45743563803778242E+00
Q6ER_6    Quadrupole        +69.535741   0.600000             0 +0.0000000000   -14.360757   274.061357 -0.0667173614   -14.360757   274.061357 -0.0667173614 -5.09212840645185613E-02 +1.07012421988194356E-01 1.09042683826542603E+01 -1.53915078842126207E+00 3.26070335282614394E+01 +2.75831028083953766E+00
OMER_6    Drift             +74.967225   5.431484             0 +0.0000000000   -14.722863   279.480758 -0.0667173614   -14.722863   279.480758 -0.0667173614 +5.30314984815839940E-01 +1.07012421988194356E-01 3.67386559328263900E+01 -3.21726330743523548E+00 1.04318827761693296E+01 +1.32439535366237138E+00
Q7ER_6    Quadrupole        +75.567225   0.600000             0 +0.0000000000   -14.762863   280.079423 -0.0667173614   -14.762863   280.079423 -0.0667173614 +5.61766444550505728E-01 -3.22397944675215011E-03 3.61726180105005639E+01 +4.12264513494619678E+00 1.01131426688263328E+01 -7.72095045163176508E-01
OMER_6    Drift             +80.998709   5.431484             0 +0.0000000000   -15.124969   285.498823 -0.0667173614   -15.124969   285.498823 -0.0667173614 +5.44255451436230553E-01 -3.22397944675215011E-03 6.06547763935352080E+00 +1.42043292599664461E+00 2.31564550696237070E+01 -1.62933192264582494E+00
Q8ER_6    Quadrupole        +81.598709   0.600000             0 +0.0000000000   -15.164970   286.097488 -0.0667173614   -15.164970   286.097488 -0.0667173614 +5.48381618435943019E-01 +1.70033689632414359E-02 4.65198881681915655E+00 +9.52832969596846935E-01 2.46276098980134783E+01 -8.04375666014591983E-01
OMER_6    Drift             +87.030193   5.431484             0 +0.0000000000   -15.527075   291.516889 -0.0667173614   -15.527075   291.516889 -0.0667173614 +6.40735146661673971E-01 +1.70033689632414359E-02 6.40046060392099125E+00 -1.27474715619126289E+00 3.53384563242858434E+01 -1.16761692802453521E+00
Q9ER_6    Quadrupole        +87.630193   0.600000             0 +0.0000000000   -15.567076   292.115554 -0.0667173614   -15.567076   292.115554 -0.0667173614 +6.87106399755711084E-01 +1.38998078432192168E-01 8.93837163215660446E+00 -3.11083780730684412E+00 3.28727389466460664E+01 +5.12358104840816608E+00
ODER_6    Drift             +87.930193   0.300000             0 +0.0000000000   -15.587076   292.414886 -0.0667173614   -15.587076   292.414886 -0.0667173614 +7.28805823285368692E-01 +1.38998078432192168E-01 1.09123836154656004E+01 -3.46920213705647296E+00 2.98731991736610567E+01 +4.87488486154186607E+00
D3ER_6    Sbend             +90.853514   2.923320 +0.0188245462 +0.0000000000   -15.809409   295.329696 -0.0855419076   -15.809409   295.329696 -0.0855419076 +1.16263199325106492E+00 +1.57823180559260423E-01 4.14015249684054680E+01 -6.96104152789296915E+00 8.45032551667731902E+00 +2.45208455689483662E+00
ODER_6    Drift             +91.153514   0.300000             0 +0.0000000000   -15.835041   295.628599 -0.0855419076   -15.835041   295.628599 -0.0855419076 +1.20997894741884315E+00 +1.57823180559260423E-01 4.56856591840661395E+01 -7.31940585764259755E+00 7.05376358351370314E+00 +2.20312188698388312E+00
Q10ER_6   Quadrupole        +91.753514   0.600000             0 +0.0000000000   -15.886303   296.226405 -0.0855419076   -15.886303   296.226405 -0.0855419076 +1.24326498684413522E+00 -4.77934576081296691E-02 4.99052077792062718E+01 +5.22203549120342281E-01 5.26675066697444993E+00 +8.73600792857371244E-01
ODER_6    Drift             +92.053514   0.300000             0 +0.0000000000   -15.911934   296.525308 -0.0855419076   -15.911934   296.525308 -0.0855419076 +1.22892694956169635E+00 -4.77934576081296691E-02 4.95941808548699896E+01 +5.14552865333924858E-01 4.77271997356970523E+00 +7.73168185158443988E-01
D3ER_6    Sbend             +94.976834   2.923320 +0.0188245462 +0.0000000000   -16.189095   299.435417 -0.1043664538   -16.189095   299.435417 -0.1043664538 +1.11673389612186358E+00 -2.89683554810614037E-02 4.68038646097653555E+01 +4.40005939776599575E-01 3.11231701107814640E+00 -2.05283506228295498E-01
ODER_6    Drift             +95.276834   0.300000             0 +0.0000000000   -16.220348   299.733784 -0.1043664538   -16.220348   299.733784 -0.1043664538 +1.10804338947754522E+00 -2.89683554810614037E-02 4.65421562510353155E+01 +4.32355255990182208E-01 3.26562309334166612E+00 -3.05736767983437685E-01
Q11ER_6   Quadrupole        +95.876834   0.600000             0 +0.0000000000   -16.282854   300.330520 -0.1043664538   -16.282854   300.330520 -0.1043664538 +1.06166788320071026E+00 -1.24935344429041945E-01 4.36340506683498646E+01 +4.32881211694715962E+00 3.94387593808353687E+00 -8.44526253136173244E-01
ODER_6    Drift             +96.176834   0.300000             0 +0.0000000000   -16.314107   300.628887 -0.1043664538   -16.314107   300.628887 -0.1043664538 +1.02418727987199776E+00 -1.24935344429041945E-01 4.10774764482819847E+01 +4.19310194994577667E+00 4.48968780143577195E+00 -9.74846624704610920E-01
D3ER_6    Sbend             +99.100154   2.923320 +0.0188245462 +0.0000000000   -16.645997   303.533263 -0.1231910000   -16.645997   303.533263 -0.1231910000 +6.86497107949776919E-01 -1.06110242301973690E-01 2.04287486383100259E+01 +2.87076580336695031E+00 1.38989712769055966E+01 -2.24328056859537117E+00
ODER_6    Drift             +99.400154   0.300000             0 +0.0000000000   -16.682861   303.830989 -0.1231910000   -16.682861   303.830989 -0.1231910000 +6.54664035259184818E-01 -1.06110242301973690E-01 1.87470022063902704E+01 +2.73505563636556737E+00 1.52840006163937865E+01 -2.37348389636526447E+00
Q12ER_6   Quadrupole       +100.000154   0.600000             0 +0.0000000000   -16.756589   304.426442 -0.1231910000   -16.756589   304.426442 -0.1231910000 +6.18195781696219360E-01 -1.63130449900803047E-02 1.70869837747782398E+01 +1.09825889681899103E-01 1.68584218107087054E+01 -1.75550993520975140E-01
OWSER_6   Drift            +100.400154   0.400000             0 +0.0000000000   -16.805740   304.823411 -0.1231910000   -16.805740   304.823411 -0.1231910000 +6.11670563700187242E-01 -1.63130449900803047E-02 1.70085998600087969E+01 +8.61338972417048238E-02 1.70086458999562495E+01 -2.00009229597887417E-01
MROT3     Marker           +100.400154   0.000000             0 +0.0000000000   -16.805740   304.823411 -0.1231910000   -16.805740   304.823411 -0.1231910000 +6.11670563700187242E-01 -1.63130449900803047E-02 1.70085998600087969E+01 +8.61338972417048238E-02 1.70086458999562495E+01 -2.00009229597887417E-01
END       Marker           +100.400154   0.000000             0 +0.0000000000   -16.805740   304.823411 -0.1231910000   -16.805740   304.823411 -0.1231910000 +6.11670563700187242E-01 -1.63130449900803047E-02 1.70085998600087969E+01 +8.61338972417048238E-02 1.70086458999562495E+01 -2.00009229597887417E-01
