# Universe 3. Values shown are for the Exit End of each Element:
name      key                        s     length         angle       x_pitch     magnet x     magnet z  magnet theta      orbit x      orbit z   orbit theta dispersion dispersion       beta x     alpha x       beta y     alpha y        field  gradient
#                                  (m)        (m)         [rad]                        (m)          (m)           (m)          (m)          (m)           (m)        (m) derivative          (m)                      (m)                      (T)     (T/m)
MROT4     Marker           -102.535964   0.000000             0 +0.0000000000    -0.059397  -102.532018  0.0383970000    -0.059397  -102.532018  0.0383970000  +0.337153  +0.013413    16.127564   +0.055802    14.851570   +0.127580            0         0
ODF60_5   Drift            -102.216059   0.319905             0 +0.0000000000    -0.047116  -102.212349  0.0383970000    -0.047116  -102.212349  0.0383970000  +0.341443  +0.013413    16.098227   +0.035904    14.776946   +0.105689            0         0
Q13EF_5   Quadrupole       -101.616059   0.600000             0 +0.0000000000    -0.024084  -101.612791  0.0383970000    -0.024084  -101.612791  0.0383970000  +0.329301  -0.053488    14.246443   +2.927514    16.486901   -3.067312            0 -10.98029
ODEF_5    Drift            -101.116059   0.500000             0 +0.0000000000    -0.004890  -101.113159  0.0383970000    -0.004890  -101.113159  0.0383970000  +0.302557  -0.053488    11.486871   +2.591629    19.712041   -3.382968            0         0
D2EF_5    Sbend             -98.192757   2.923301 +0.0140299444 +0.0000000000     0.086833   -98.191322  0.0243670556     0.086833   -98.191322  0.0243670556  +0.166707  -0.039458     2.075510   +0.627906    44.880090   -5.225647 -0.160089079  -0.00000
ODEF_5    Drift             -97.692757   0.500000             0 +0.0000000000     0.099016   -97.691470  0.0243670556     0.099016   -97.691470  0.0243670556  +0.146978  -0.039458     1.615546   +0.292021    50.263420   -5.541013            0         0
Q12EF_5   Quadrupole        -97.092757   0.600000             0 +0.0000000000     0.113634   -97.091648  0.0243670556     0.113634   -97.091648  0.0243670556  +0.132188  -0.010362     1.699965   -0.438597    50.494745   +5.171853            0 +11.71025
ODEF_5    Drift             -96.592757   0.500000             0 +0.0000000000     0.125817   -96.591797  0.0243670556     0.125817   -96.591797  0.0243670556  +0.127007  -0.010362     2.313914   -0.789300    45.460273   +4.897091            0         0
D2EF_5    Sbend             -93.669456   2.923301 +0.0140299444 +0.0000000000     0.176539   -93.668960  0.0103371112     0.176539   -93.668960  0.0103371112  +0.117223  +0.003668    12.922099   -2.839657    21.518859   +3.291959 -0.160089079  -0.00000
ODEF_5    Drift             -93.169456   0.500000             0 +0.0000000000     0.181708   -93.168986  0.0103371112     0.181708   -93.168986  0.0103371112  +0.119057  +0.003668    15.937107   -3.190360    18.364419   +3.016921            0         0
Q11EF_5   Quadrupole        -92.569456   0.600000             0 +0.0000000000     0.187910   -92.569019  0.0103371112     0.187910   -92.569019  0.0103371112  +0.112944  -0.023806    17.522605   +0.672739    17.305056   -1.169427            0 -13.01248
ODEF_5    Drift             -92.069456   0.500000             0 +0.0000000000     0.193078   -92.069045  0.0103371112     0.193078   -92.069045  0.0103371112  +0.101042  -0.023806    16.870590   +0.631291    18.508686   -1.237834            0         0
D2EF_5    Sbend             -89.146155   2.923301 +0.0140299444 +0.0000000000     0.202790   -89.145784 -0.0036928331     0.202790   -89.145784 -0.0036928331  +0.051960  -0.009775    13.888175   +0.388965    26.910615   -1.636007 -0.160089079  -0.00000
ODEF_5    Drift             -88.646155   0.500000             0 +0.0000000000     0.200943   -88.645788 -0.0036928331     0.200943   -88.645788 -0.0036928331  +0.047072  -0.009775    13.519935   +0.347516    28.580777   -1.704317            0         0
Q10EF_5   Quadrupole        -88.046155   0.600000             0 +0.0000000000     0.198728   -88.045792 -0.0036928331     0.198728   -88.045792 -0.0036928331  +0.042636  -0.005088    13.985782   -1.140171    28.825506   +1.305041            0  +5.83962
OMEF_5    Drift             -83.546155   4.500000             0 +0.0000000000     0.182110   -83.545823 -0.0036928331     0.182110   -83.545823 -0.0036928331  +0.019738  -0.005088    27.577477   -1.880205    18.979097   +0.883050            0         0
Q9EF_5    Quadrupole        -82.946155   0.600000             0 +0.0000000000     0.179894   -82.945827 -0.0036928331     0.179894   -82.945827 -0.0036928331  +0.015917  -0.007561    27.552315   +1.920980    19.506774   -1.786604            0  -7.65655
OMEF_5    Drift             -78.446155   4.500000             0 +0.0000000000     0.163276   -78.445857 -0.0036928331     0.163276   -78.445857 -0.0036928331  -0.018106  -0.007561    13.710604   +1.154956    39.937886   -2.753643            0         0
Q8EF_5    Quadrupole        -77.846155   0.600000             0 +0.0000000000     0.161061   -77.845861 -0.0036928331     0.161061   -77.845861 -0.0036928331  -0.023514  -0.010596    13.549646   -0.878855    39.707536   +3.126209            0  +8.16945
OMEF_5    Drift             -73.346155   4.500000             0 +0.0000000000     0.144443   -73.345892 -0.0036928331     0.144443   -73.345892 -0.0036928331  -0.071198  -0.010596    24.108177   -1.467485    17.065751   +1.905299            0         0
Q7EF_5    Quadrupole        -72.746155   0.600000             0 +0.0000000000     0.142227   -72.745896 -0.0036928331     0.142227   -72.745896 -0.0036928331  -0.074656  -0.000852    23.953516   +1.718375    16.151883   -0.341967            0  -7.37893
OMEF_5    Drift             -68.246155   4.500000             0 +0.0000000000     0.125610   -68.245927 -0.0036928331     0.125610   -68.245927 -0.0036928331  -0.078491  -0.000852    11.829800   +0.975784    20.629927   -0.653153            0         0
Q6EF_5    Quadrupole        -67.646155   0.600000             0 +0.0000000000     0.123394   -67.645931 -0.0036928331     0.123394   -67.645931 -0.0036928331  -0.082456  -0.012460    11.712303   -0.774300    19.646439   +2.244392            0  +8.07702
OMEF_5    Drift             -63.146155   4.500000             0 +0.0000000000     0.106776   -63.145962 -0.0036928331     0.106776   -63.145962 -0.0036928331  -0.138524  -0.012460    21.446531   -1.388862     5.669679   +0.861555            0         0
Q5EF_5    Quadrupole        -62.546155   0.600000             0 +0.0000000000     0.104561   -62.545966 -0.0036928331     0.104561   -62.545966 -0.0036928331  -0.139305  +0.009876    21.068624   +1.998484     5.242912   -0.127730            0  -8.86747
O5EF_5    Drift             -54.546155   8.000000             0 +0.0000000000     0.075018   -54.546020 -0.0036928331     0.075018   -54.546020 -0.0036928331  -0.060296  +0.009876     4.262931   +0.102228    19.692708   -1.678494            0         0
Q4EF_5    Quadrupole        -53.946155   0.600000             0 +0.0000000000     0.072802   -53.946024 -0.0036928331     0.072802   -53.946024 -0.0036928331  -0.056706  +0.002169     4.569550   -0.626743    20.143906   +0.946550            0  +7.37252
O4EF_5    Drift             -41.993279  11.952877             0 +0.0000000000     0.028662   -41.993229 -0.0036928331     0.028662   -41.993229 -0.0036928331  -0.030777  +0.002169    63.099715   -4.270000    10.963051   -0.178462            0         0
Q3EF_5    Quadrupole        -41.393279   0.600000             0 +0.0000000000     0.026447   -41.393233 -0.0036928331     0.026447   -41.393233 -0.0036928331  -0.028863  +0.004187    65.675518   +0.035064    11.667055   -1.010664            0  -3.74973
OQCEF_5   Drift             -41.093279   0.300000             0 +0.0000000000     0.025339   -41.093235 -0.0036928331     0.025339   -41.093235 -0.0036928331  -0.027607  +0.004187    65.655852   +0.030490    12.289047   -1.062642            0         0
O_CRAB_EF Drift             -37.093279   4.000000             0 +0.0000000000     0.010568   -37.093263 -0.0036928331     0.010568   -37.093263 -0.0036928331  -0.010857  +0.004187    65.655852   -0.030490    23.562351   -1.755684            0         0
OQCEF_5   Drift             -36.793279   0.300000             0 +0.0000000000     0.009460   -36.793265 -0.0036928331     0.009460   -36.793265 -0.0036928331  -0.009601  +0.004187    65.675518   -0.035064    24.631355   -1.807662            0         0
Q2EF_5    Quadrupole        -36.193279   0.600000             0 +0.0000000000     0.007244   -36.193269 -0.0036928331     0.007244   -36.193269 -0.0036928331  -0.007244  +0.003693    68.072204   -4.006349    25.951326   -0.366317            0  +3.27396
ODEF_5    Drift             -35.693279   0.500000             0 +0.0000000000     0.005398   -35.693272 -0.0036928331     0.005398   -35.693272 -0.0036928331  -0.005398  +0.003693    72.141174   -4.131590    26.328569   -0.388169            0         0
D1EF_5    Sbend             -32.770000   2.923279 -0.0036928331 +0.0000000000    -0.000000   -32.770000 -0.0000000000     0.000000   -32.770000 -0.0000000000  -0.000000  -0.000000    98.437194   -4.863816    28.971126   -0.515795 +0.042137499  -0.00000
O2EF_5    Drift             -11.870000  20.900000             0 +0.0000000000    -0.000000   -11.870000 -0.0000000000    -0.000000   -11.870000 -0.0000000000  -0.000000  -0.000000   411.157584  -10.098882    69.620054   -1.429130            0         0
Q1EF_5    Quadrupole        -10.260000   1.610000             0 +0.0000000000    -0.000000   -10.260000 -0.0000000000    -0.000000   -10.260000  0.0000000000  -0.000000  +0.000000   337.045011  +51.898614    95.844063  -16.303712            0  -3.48536
O1EF_5    Drift              -6.500000   3.760000             0 +0.0000000000    -0.000000    -6.500000 -0.0000000000    -0.000000    -6.500000  0.0000000000  -0.000000  +0.000000    59.788789  +21.839742   257.804271  -26.770812            0         0
Q0EF_5    Quadrupole         -5.300000   1.200000             0 +0.0000000000    -0.000000    -5.300000 -0.0000000000    -0.000000    -5.300000 -0.0000000000  -0.000000  +0.000000    30.220417   +5.520833   234.203333  +44.166667            0  +7.84343
O0EF_5    Drift              +0.000000   5.300000             0 +0.0000000000    -0.000000    -0.000000 -0.0000000000    -0.000000    -0.000000 -0.0000000000  -0.000000  +0.000000     0.960000   +0.000000     0.120000   +0.000000            0         0
IP6       Marker             +0.000000   0.000000             0 +0.0000000000    -0.000000    -0.000000 -0.0000000000    -0.000000    -0.000000 -0.0000000000  -0.000000  +0.000000     0.960000   +0.000000     0.120000   +0.000000            0         0
O0ER_6    Drift              +5.300000   5.300000             0 +0.0000000000    -0.000000     5.300000 -0.0000000000    -0.000000     5.300000 -0.0000000000  -0.000000  +0.000000    30.220417   -5.520833   234.203333  -44.166667            0         0
Q1ER_6    Quadrupole         +7.100000   1.800000             0 +0.0000000000    -0.000000     7.100000 -0.0000000000    -0.000000     7.100000 -0.0000000000  -0.000000  -0.000000    93.190834  -37.531312   215.372969  +51.969795            0  +7.46066
O1ER_6    Drift              +7.600000   0.500000             0 +0.0000000000    -0.000000     7.600000 -0.0000000000    -0.000000     7.600000 -0.0000000000  -0.000000  -0.000000   134.503632  -45.094284   166.539431  +45.697282            0         0
Q2ER_6    Quadrupole         +9.000000   1.400000             0 +0.0000000000    -0.000000     9.000000 -0.0000000000    -0.000000     9.000000  0.0000000000  -0.000000  +0.000000   205.066517   +1.945435   108.098247   +1.726593            0  -7.13929
O2ER_6    Drift              +9.500000   0.500000             0 +0.0000000000    -0.000000     9.500000 -0.0000000000    -0.000000     9.500000  0.0000000000  -0.000000  +0.000000   203.126915   +1.933768   106.380861   +1.708179            0         0
D2ER_6    Sbend             +15.000075   5.500075 -0.0180766386 +0.0000000000     0.049710    14.999775  0.0180766386     0.049710    14.999775  0.0180766386  -0.049710  -0.018077   182.562082   +1.805445    88.673047   +1.510854 +0.109629737  -0.00000
O3ER_6    Drift             +37.700075  22.700000             0 +0.0000000000     0.460027    37.696067  0.0180766386     0.460027    37.696067  0.0180766386  -0.460061  -0.018077   112.617892   +1.275797    39.156342   +0.670499            0         0
Q3ER_6    Quadrupole        +38.300075   0.600000             0 +0.0000000000     0.470873    38.295969  0.0180766386     0.470873    38.295969  0.0180766386  -0.465495  +0.000000   108.505193   +5.525171    39.275663   -0.870916            0  -2.16739
OQCER_6   Drift             +38.600075   0.300000             0 +0.0000000000     0.476296    38.595920  0.0180766386     0.476296    38.595920  0.0180766386  -0.465495  +0.000000   105.216241   +5.438003    39.802242   -0.884348            0         0
O_CRAB_ER Drift             +42.600075   4.000000             0 +0.0000000000     0.548598    42.595266  0.0180766386     0.548598    42.595266  0.0180766386  -0.465495  +0.000000    66.361216   +4.275754    47.593396   -1.063440            0         0
O4ER_6    Drift             +54.200075  11.600000             0 +0.0000000000     0.758276    54.193371  0.0180766386     0.758276    54.193371  0.0180766386  -0.465495  +0.000000     6.261799   +0.905231    78.289888   -1.582809            0         0
Q4ER_6    Quadrupole        +54.800075   0.600000             0 +0.0000000000     0.769121    54.793273  0.0180766386     0.769121    54.793273  0.0180766386  -0.477832  -0.041304     5.579662   +0.251593    76.079561   +5.201655            0  +4.88976
O5ER_6    Drift             +62.904257   8.104182             0 +0.0000000000     0.915610    62.896131  0.0180766386     0.915610    62.896131  0.0180766386  -0.812563  -0.041304    14.017758   -1.292796    15.990406   +2.212931            0         0
Q5ER_6    Quadrupole        +63.504257   0.600000             0 +0.0000000000     0.926455    63.496033  0.0180766386     0.926455    63.496033  0.0180766386  -0.765920  +0.194485    13.124185   +2.693362    16.145989   -2.487325            0 -16.36378
OMER_6    Drift             +68.935741   5.431484             0 +0.0000000000     1.024633    68.926630  0.0180766386     1.024633    68.926630  0.0180766386  +0.290425  +0.194485     2.420367   -0.722664    56.296991   -4.904947            0         0
Q6ER_6    Quadrupole        +69.535741   0.600000             0 +0.0000000000     1.035478    69.526532  0.0180766386     1.035478    69.526532  0.0180766386  +0.429150  +0.273021     3.937638   -1.916762    54.699083   +7.449530            0 +12.26887
OMER_6    Drift             +74.967225   5.431484             0 +0.0000000000     1.133656    74.957128  0.0180766386     1.133656    74.957128  0.0180766386  +1.912060  +0.273021    59.777083   -8.363935     4.244960   +1.839666            0         0
Q7ER_6    Quadrupole        +75.567225   0.600000             0 +0.0000000000     1.144501    75.557030  0.0180766386     1.144501    75.557030  0.0180766386  +1.959260  -0.117260    62.563945   +3.906092     2.772758   +0.711185            0 -11.09715
OMER_6    Drift             +80.998709   5.431484             0 +0.0000000000     1.242679    80.987627  0.0180766386     1.242679    80.987627  0.0180766386  +1.322364  -0.117260    27.798182   +2.494694    11.068107   -2.238456            0         0
Q8ER_6    Quadrupole        +81.598709   0.600000             0 +0.0000000000     1.253524    81.587529  0.0180766386     1.253524    81.587529  0.0180766386  +1.256543  -0.102272    25.078804   +2.048139    13.859767   -2.403482            0  +0.64659
OMER_6    Drift             +87.030193   5.431484             0 +0.0000000000     1.351702    87.018126  0.0180766386     1.351702    87.018126  0.0180766386  +0.701055  -0.102272     8.940833   +0.923051    54.393224   -5.059203            0         0
Q9ER_6    Quadrupole        +87.630193   0.600000             0 +0.0000000000     1.362547    87.618028  0.0180766386     1.362547    87.618028  0.0180766386  +0.676704  +0.020371     8.827881   -0.728081    54.552396   +4.803517            0  +9.98630
ODER_6    Drift             +87.930193   0.300000             0 +0.0000000000     1.367970    87.917979  0.0180766386     1.367970    87.917979  0.0180766386  +0.682815  +0.020371     9.280329   -0.780079    51.710003   +4.671128            0         0
D3ER_6    Sbend             +90.853514   2.923320 +0.0188245462 +0.0000000000     1.393298    90.841146 -0.0007479076     1.393298    90.841146 -0.0007479076  +0.769878  +0.039197    15.321938   -1.286737    28.157345   +3.384262 -0.214796610  -0.00000
ODER_6    Drift             +91.153514   0.300000             0 +0.0000000000     1.393073    91.141146 -0.0007479076     1.393073    91.141146 -0.0007479076  +0.781637  +0.039197    16.109580   -1.338735    26.166592   +3.251580            0         0
Q10ER_6   Quadrupole        +91.753514   0.600000             0 +0.0000000000     1.392625    91.741146 -0.0007479076     1.392625    91.741146 -0.0007479076  +0.779350  -0.046779    16.671727   +0.422442    24.012160   +0.417471            0  -6.09041
ODER_6    Drift             +92.053514   0.300000             0 +0.0000000000     1.392400    92.041146 -0.0007479076     1.392400    92.041146 -0.0007479076  +0.765316  -0.046779    16.424623   +0.401236    23.766078   +0.402800            0         0
D3ER_6    Sbend             +94.976834   2.923320 +0.0188245462 +0.0000000000     1.362700    94.964272 -0.0195724538     1.362700    94.964272 -0.0195724538  +0.656087  -0.027954    14.682875   +0.194611    21.820966   +0.262459 -0.214796610  -0.00000
ODER_6    Drift             +95.276834   0.300000             0 +0.0000000000     1.356828    95.264214 -0.0195724538     1.356828    95.264214 -0.0195724538  +0.647701  -0.027954    14.572470   +0.173405    21.667899   +0.247764            0         0
Q11ER_6   Quadrupole        +95.876834   0.600000             0 +0.0000000000     1.345086    95.864100 -0.0195724538     1.345086    95.864100 -0.0195724538  +0.635324  -0.013350    14.588232   -0.199794    21.095882   +0.701248            0  +1.26707
ODER_6    Drift             +96.176834   0.300000             0 +0.0000000000     1.339214    96.164042 -0.0195724538     1.339214    96.164042 -0.0195724538  +0.631319  -0.013350    14.714524   -0.221180    20.681497   +0.680035            0         0
D3ER_6    Sbend             +99.100154   2.923320 +0.0188245462 +0.0000000000     1.254496    99.086091 -0.0383970000     1.254496    99.086091 -0.0383970000  +0.619810  +0.005475    16.616718   -0.429555    17.303253   +0.475379 -0.214796610  -0.00000
ODER_6    Drift             +99.400154   0.300000             0 +0.0000000000     1.242979    99.385870 -0.0383970000     1.242979    99.385870 -0.0383970000  +0.621453  +0.005475    16.880866   -0.450941    17.024402   +0.454124            0         0
Q12ER_6   Quadrupole       +100.000154   0.600000             0 +0.0000000000     1.219947    99.985428 -0.0383970000     1.219947    99.985428 -0.0383970000  +0.618196  -0.016313    17.086984   +0.109826    16.858422   -0.175551            0  -1.95084
OWSER_6   Drift            +100.400154   0.400000             0 +0.0000000000     1.204592   100.385133 -0.0383970000     1.204592   100.385133 -0.0383970000  +0.611671  -0.016313    17.008600   +0.086134    17.008646   -0.200009            0         0
MROT3     Marker           +100.400154   0.000000             0 +0.0000000000     1.204592   100.385133 -0.0383970000     1.204592   100.385133 -0.0383970000  +0.611671  -0.016313    17.008600   +0.086134    17.008646   -0.200009            0         0
