# Universe 3. Values shown are for the Exit End of each Element:
name      key                        s     length         angle       x_pitch     magnet x     magnet z  magnet theta      orbit x      orbit z   orbit theta dispersion dispersion       beta x     alpha x       beta y     alpha y        field  gradient
#                                  (m)        (m)         [rad]                        (m)          (m)           (m)          (m)          (m)           (m)        (m) derivative          (m)                      (m)                      (T)     (T/m)
MROT4     Marker           -102.535964   0.000000             0 +0.0000000000    -0.059397  -102.532018  0.0383970000    -0.059397  -102.532018  0.0383970000  +0.337153  +0.013413    16.127564   +0.055802    14.851570   +0.127580            0         0
ODF60_5   Drift            -102.216059   0.319905             0 +0.0000000000    -0.047116  -102.212349  0.0383970000    -0.047116  -102.212349  0.0383970000  +0.341443  +0.013413    16.098227   +0.035904    14.776946   +0.105689            0         0
Q13EF_5   Quadrupole       -101.616059   0.600000             0 +0.0000000000    -0.024084  -101.612791  0.0383970000    -0.024084  -101.612791  0.0383970000  +0.328406  -0.056420    14.167901   +3.047424    16.571333   -3.218750            0  -5.73586
ODEF_5    Drift            -101.116059   0.500000             0 +0.0000000000    -0.004890  -101.113159  0.0383970000    -0.004890  -101.113159  0.0383970000  +0.300196  -0.056420    11.301992   +2.684392    19.961469   -3.561521            0         0
D2EF_5    Sbend             -98.192757   2.923301 +0.0140299444 +0.0000000000     0.086833   -98.191322  0.0243670556     0.086833   -98.191322  0.0243670556  +0.155775  -0.042390     1.812237   +0.561960    46.636720   -5.562625 -0.080044539  -0.00000
ODEF_5    Drift             -97.692757   0.500000             0 +0.0000000000     0.099016   -97.691470  0.0243670556     0.099016   -97.691470  0.0243670556  +0.134580  -0.042390     1.431793   +0.198929    52.370577   -5.905089            0         0
Q12EF_5   Quadrupole        -97.092757   0.600000             0 +0.0000000000     0.113634   -97.091648  0.0243670556     0.113634   -97.091648  0.0243670556  +0.116795  -0.017487     1.624426   -0.532732    53.099355   +4.739465            0  +5.56263
ODEF_5    Drift             -96.592757   0.500000             0 +0.0000000000     0.125817   -96.591797  0.0243670556     0.125817   -96.591797  0.0243670556  +0.108051  -0.017487     2.354736   -0.927887    48.470356   +4.518534            0         0
D2EF_5    Sbend             -93.669456   2.923301 +0.0140299444 +0.0000000000     0.176539   -93.668960  0.0103371112     0.176539   -93.668960  0.0103371112  +0.077441  -0.003456    14.532861   -3.238131    25.821348   +3.228454 -0.080044539  -0.00000
ODEF_5    Drift             -93.169456   0.500000             0 +0.0000000000     0.181708   -93.168986  0.0103371112     0.181708   -93.168986  0.0103371112  +0.075713  -0.003456    17.968569   -3.633286    22.703490   +3.007262            0         0
Q11EF_5   Quadrupole        -92.569456   0.600000             0 +0.0000000000     0.187910   -92.569019  0.0103371112     0.187910   -92.569019  0.0103371112  +0.068469  -0.020408    19.814655   +0.700835    22.232333   -2.185836            0  -6.46007
ODEF_5    Drift             -92.069456   0.500000             0 +0.0000000000     0.193078   -92.069045  0.0103371112     0.193078   -92.069045  0.0103371112  +0.058265  -0.020408    19.132634   +0.663207    24.483141   -2.315779            0         0
D2EF_5    Sbend             -89.146155   2.923301 +0.0140299444 +0.0000000000     0.202790   -89.145784 -0.0036928331     0.202790   -89.145784 -0.0036928331  +0.019115  -0.006378    15.898323   +0.443219    40.237339   -3.072871 -0.080044539  -0.00000
ODEF_5    Drift             -88.646155   0.500000             0 +0.0000000000     0.200943   -88.645788 -0.0036928331     0.200943   -88.645788 -0.0036928331  +0.015926  -0.006378    15.473919   +0.405591    43.375090   -3.202633            0         0
Q10EF_5   Quadrupole        -88.046155   0.600000             0 +0.0000000000     0.198728   -88.045792 -0.0036928331     0.198728   -88.045792 -0.0036928331  +0.012585  -0.004821    16.035318   -1.361715    44.347521   +1.617666            0  +3.05232
OMEF_5    Drift             -83.546155   4.500000             0 +0.0000000000     0.182110   -83.545823 -0.0036928331     0.182110   -83.545823 -0.0036928331  -0.009109  -0.004821    31.895233   -2.162710    31.440052   +1.250660            0         0
Q9EF_5    Quadrupole        -82.946155   0.600000             0 +0.0000000000     0.179894   -82.945827 -0.0036928331     0.179894   -82.945827 -0.0036928331  -0.011630  -0.003529    32.115642   +1.804503    32.287327   -2.697572            0  -3.44074
OMEF_5    Drift             -78.446155   4.500000             0 +0.0000000000     0.163276   -78.445857 -0.0036928331     0.163276   -78.445857 -0.0036928331  -0.027512  -0.003529    18.558814   +1.208126    61.756585   -3.851152            0         0
Q8EF_5    Quadrupole        -77.846155   0.600000             0 +0.0000000000     0.161061   -77.845861 -0.0036928331     0.161061   -77.845861 -0.0036928331  -0.030892  -0.007822    18.769068   -1.568866    60.872461   +5.280793            0  +4.11605
OMEF_5    Drift             -73.346155   4.500000             0 +0.0000000000     0.144443   -73.345892 -0.0036928331     0.144443   -73.345892 -0.0036928331  -0.066090  -0.007822    36.623310   -2.398743    22.954880   +3.145337            0         0
Q7EF_5    Quadrupole        -72.746155   0.600000             0 +0.0000000000     0.142227   -72.745896 -0.0036928331     0.142227   -72.745896 -0.0036928331  -0.068683  -0.000775    37.209863   +1.441579    20.658652   +0.761002            0  -2.89157
OMEF_5    Drift             -68.246155   4.500000             0 +0.0000000000     0.125610   -68.245927 -0.0036928331     0.125610   -68.245927 -0.0036928331  -0.072171  -0.000775    25.910812   +1.069321    15.357524   +0.417027            0         0
Q6EF_5    Quadrupole        -67.646155   0.600000             0 +0.0000000000     0.123394   -67.645931 -0.0036928331     0.123394   -67.645931 -0.0036928331  -0.075730  -0.011170    26.848029   -2.675324    13.643863   +2.357755            0  +3.93476
OMEF_5    Drift             -63.146155   4.500000             0 +0.0000000000     0.106776   -63.145962 -0.0036928331     0.106776   -63.145962 -0.0036928331  -0.125993  -0.011170    57.078589   -4.042579     2.158842   +0.194472            0         0
Q5EF_5    Quadrupole        -62.546155   0.600000             0 +0.0000000000     0.104561   -62.545966 -0.0036928331     0.104561   -62.545966 -0.0036928331  -0.126609  +0.009133    56.442800   +5.068214     2.302184   -0.440946            0  -4.43265
O5EF_5    Drift             -54.546155   8.000000             0 +0.0000000000     0.075018   -54.546020 -0.0036928331     0.075018   -54.546020 -0.0036928331  -0.053544  +0.009133     5.611298   +1.285724    42.562207   -4.591556            0         0
Q4EF_5    Quadrupole        -53.946155   0.600000             0 +0.0000000000     0.072802   -53.946024 -0.0036928331     0.072802   -53.946024 -0.0036928331  -0.050330  +0.001661     4.654819   +0.354344    44.345030   +1.706805            0  +4.02807
O4EF_5    Drift             -41.993279  11.952877             0 +0.0000000000     0.028662   -41.993229 -0.0036928331     0.028662   -41.993229 -0.0036928331  -0.030477  +0.001661    30.730980   -2.535924    16.150101   +0.652035            0         0
Q3EF_5    Quadrupole        -41.393279   0.600000             0 +0.0000000000     0.026447   -41.393233 -0.0036928331     0.026447   -41.393233 -0.0036928331  -0.028723  +0.004159    32.234863   +0.071718    16.201448   -0.739047            0  -2.33583
OQCEF_5   Drift             -41.093279   0.300000             0 +0.0000000000     0.025339   -41.093235 -0.0036928331     0.025339   -41.093235 -0.0036928331  -0.027476  +0.004159    32.194639   +0.062364    16.653465   -0.767677            0         0
O_CRAB_EF Drift             -37.093279   4.000000             0 +0.0000000000     0.010568   -37.093263 -0.0036928331     0.010568   -37.093263 -0.0036928331  -0.010841  +0.004159    32.194639   -0.062364    24.321848   -1.149418            0         0
OQCEF_5   Drift             -36.793279   0.300000             0 +0.0000000000     0.009460   -36.793265 -0.0036928331     0.009460   -36.793265 -0.0036928331  -0.009593  +0.004159    32.234863   -0.071718    25.020088   -1.178049            0         0
Q2EF_5    Quadrupole        -36.193279   0.600000             0 +0.0000000000     0.007244   -36.193269 -0.0036928331     0.007244   -36.193269 -0.0036928331  -0.007244  +0.003693    33.419597   -1.924708    25.612580   +0.201548            0  +1.54275
ODEF_5    Drift             -35.693279   0.500000             0 +0.0000000000     0.005398   -35.693272 -0.0036928331     0.005398   -35.693272 -0.0036928331  -0.005398  +0.003693    35.379498   -1.995093    25.421190   +0.181233            0         0
D1EF_5    Sbend             -32.770000   2.923279 -0.0036928331 +0.0000000000    -0.000000   -32.770000 -0.0000000000     0.000000   -32.770000  0.0000000000  +0.000000  -0.000000    48.246858   -2.406604    24.708461   +0.062577 +0.021068749  -0.00000
O2EF_5    Drift             -11.870000  20.900000             0 +0.0000000000    -0.000000   -11.870000 -0.0000000000     0.000000   -11.870000  0.0000000000  -0.000000  -0.000000   210.332977   -5.348712    39.840539   -0.786600            0         0
Q1EF_5    Quadrupole        -10.260000   1.610000             0 +0.0000000000    -0.000000   -10.260000 -0.0000000000     0.000000   -10.260000 -0.0000000000  -0.000000  +0.000000   172.936768  +26.440296    54.771965   -9.310125            0  -1.74268
O1EF_5    Drift              -6.500000   3.760000             0 +0.0000000000    -0.000000    -6.500000 -0.0000000000     0.000000    -6.500000 -0.0000000000  -0.000000  +0.000000    31.338118  +11.218920   147.415434  -15.329096            0         0
Q0EF_5    Quadrupole         -5.300000   1.200000             0 +0.0000000000    -0.000000    -5.300000 -0.0000000000     0.000000    -5.300000 -0.0000000000  -0.000000  -0.000000    16.291633   +2.704082   133.971905  +25.238095            0  +3.92172
O0EF_5    Drift              +0.000000   5.300000             0 +0.0000000000    -0.000000    -0.000000 -0.0000000000    -0.000000    -0.000000 -0.0000000000  -0.000000  -0.000000     1.960000   -0.000000     0.210000   +0.000000            0         0
IP6       Marker             +0.000000   0.000000             0 +0.0000000000    -0.000000    -0.000000 -0.0000000000    -0.000000    -0.000000 -0.0000000000  -0.000000  -0.000000     1.960000   -0.000000     0.210000   +0.000000            0         0
O0ER_6    Drift              +5.300000   5.300000             0 +0.0000000000    -0.000000     5.300000 -0.0000000000    -0.000000     5.300000 -0.0000000000  -0.000000  -0.000000    16.291633   -2.704082   133.971905  -25.238095            0         0
Q1ER_6    Quadrupole         +7.100000   1.800000             0 +0.0000000000    -0.000000     7.100000 -0.0000000000    -0.000000     7.100000 -0.0000000000  -0.000000  -0.000000    48.501239  -19.317253   123.131692  +29.730179            0  +3.73033
O1ER_6    Drift              +7.600000   0.500000             0 +0.0000000000    -0.000000     7.600000 -0.0000000000    -0.000000     7.600000 -0.0000000000  -0.000000  -0.000000    69.747084  -23.174436    95.198133  +26.136939            0         0
Q2ER_6    Quadrupole         +9.000000   1.400000             0 +0.0000000000    -0.000000     9.000000 -0.0000000000    -0.000000     9.000000  0.0000000000  -0.000000  +0.000000   105.682493   +1.200114    61.770812   +0.988678            0  -3.56965
O2ER_6    Drift              +9.500000   0.500000             0 +0.0000000000    -0.000000     9.500000 -0.0000000000    -0.000000     9.500000  0.0000000000  -0.000000  +0.000000   104.488152   +1.188569    60.790137   +0.972671            0         0
D2ER_6    Sbend             +15.000075   5.500075 -0.0180766386 +0.0000000000     0.049710    14.999775  0.0180766386     0.049710    14.999775  0.0180766386  -0.049710  -0.018077    92.112863   +1.061576    51.040917   +0.799600 +0.054814868  -0.00000
O3ER_6    Drift             +37.700075  22.700000             0 +0.0000000000     0.460027    37.696067  0.0180766386     0.460027    37.696067  0.0180766386  -0.460061  -0.018077    55.815694   +0.537419    31.289439   +0.070509            0         0
Q3ER_6    Quadrupole        +38.300075   0.600000             0 +0.0000000000     0.470873    38.295969  0.0180766386     0.470873    38.295969  0.0180766386  -0.465495  +0.000000    53.893578   +2.641090    31.952791   -1.184703            0  -1.08370
OQCER_6   Drift             +38.600075   0.300000             0 +0.0000000000     0.476296    38.595920  0.0180766386     0.476296    38.595920  0.0180766386  -0.465495  +0.000000    52.322242   +2.596695    32.670383   -1.207270            0         0
O_CRAB_ER Drift             +42.600075   4.000000             0 +0.0000000000     0.548598    42.595266  0.0180766386     0.548598    42.595266  0.0180766386  -0.465495  +0.000000    33.916415   +2.004761    43.532077   -1.508154            0         0
O4ER_6    Drift             +54.200075  11.600000             0 +0.0000000000     0.758276    54.193371  0.0180766386     0.758276    54.193371  0.0180766386  -0.465495  +0.000000     7.318603   +0.288153    88.642987   -2.380718            0         0
Q4ER_6    Quadrupole        +54.800075   0.600000             0 +0.0000000000     0.769121    54.793273  0.0180766386     0.769121    54.793273  0.0180766386  -0.465092  +0.001343     7.013798   +0.219563    91.683805   -2.690236            0  -0.08021
O5ER_6    Drift             +62.904257   8.104182             0 +0.0000000000     0.915610    62.896131  0.0180766386     0.915610    62.896131  0.0180766386  -0.454209  +0.001343    13.270547   -0.991602   141.188980   -3.418360            0         0
Q5ER_6    Quadrupole        +63.504257   0.600000             0 +0.0000000000     0.926455    63.496033  0.0180766386     0.926455    63.496033  0.0180766386  -0.420141  +0.110811    12.523832   +2.173956   167.749084  -43.016525            0  -6.87408
OMER_6    Drift             +68.935741   5.431484             0 +0.0000000000     1.024633    68.926630  0.0180766386     1.024633    68.926630  0.0180766386  +0.181729  +0.110811     2.396528   -0.309400   960.634535 -102.962997            0         0
Q6ER_6    Quadrupole        +69.535741   0.600000             0 +0.0000000000     1.035478    69.526532  0.0180766386     1.035478    69.526532  0.0180766386  +0.260784  +0.155380     3.274873   -1.213606   965.603356  +95.021426            0  +5.65619
OMER_6    Drift             +74.967225   5.431484             0 +0.0000000000     1.133656    74.957128  0.0180766386     1.133656    74.957128  0.0180766386  +1.104730  +0.155380    38.734286   -5.314889   209.274486  +44.227600            0         0
Q7ER_6    Quadrupole        +75.567225   0.600000             0 +0.0000000000     1.144501    75.557030  0.0180766386     1.144501    75.557030  0.0180766386  +1.146028  -0.018781    41.530390   +0.798734   176.234230  +12.520505            0  -4.26873
OMER_6    Drift             +80.998709   5.431484             0 +0.0000000000     1.242679    80.987627  0.0180766386     1.242679    80.987627  0.0180766386  +1.044018  -0.018781    34.017300   +0.584514    66.633389   +7.658297            0         0
Q8ER_6    Quadrupole        +81.598709   0.600000             0 +0.0000000000     1.253524    81.587529  0.0180766386     1.253524    81.587529  0.0180766386  +1.040856  +0.008229    33.855135   -0.312837    56.827234   +8.600403            0  +0.72117
OMER_6    Drift             +87.030193   5.431484             0 +0.0000000000     1.351702    87.018126  0.0180766386     1.351702    87.018126  0.0180766386  +1.085550  +0.008229    38.210143   -0.488971     2.319305   +1.435147            0         0
Q9ER_6    Quadrupole        +87.630193   0.600000             0 +0.0000000000     1.362547    87.618028  0.0180766386     1.362547    87.618028  0.0180766386  +1.047739  -0.133434    35.832032   +4.347348     1.180867   +0.512055            0  -3.66739
ODER_6    Drift             +87.930193   0.300000             0 +0.0000000000     1.367970    87.917979  0.0180766386     1.367970    87.917979  0.0180766386  +1.007708  -0.133434    33.273605   +4.180742     0.969833   +0.191392            0         0
D3ER_6    Sbend             +90.853514   2.923320 +0.0188245462 +0.0000000000     1.393298    90.841146 -0.0007479076     1.393298    90.841146 -0.0007479076  +0.645175  -0.114609    13.577129   +2.557363     8.985087   -2.932739 -0.107398305  -0.00000
ODER_6    Drift             +91.153514   0.300000             0 +0.0000000000     1.393073    91.141146 -0.0007479076     1.393073    91.141146 -0.0007479076  +0.610792  -0.114609    12.092693   +2.390757    10.840899   -3.253302            0         0
Q10ER_6   Quadrupole        +91.753514   0.600000             0 +0.0000000000     1.392625    91.741146 -0.0007479076     1.392625    91.741146 -0.0007479076  +0.560854  -0.052733    10.091500   +1.015097    14.281601   -2.358900            0  +2.95155
ODER_6    Drift             +92.053514   0.300000             0 +0.0000000000     1.392400    92.041146 -0.0007479076     1.392400    92.041146 -0.0007479076  +0.545034  -0.052733     9.500549   +0.954737    15.738308   -2.496792            0         0
D3ER_6    Sbend             +94.976834   2.923320 +0.0188245462 +0.0000000000     1.362700    94.964272 -0.0195724538     1.362700    94.964272 -0.0195724538  +0.418401  -0.033908     5.638098   +0.366596    34.255992   -3.836555 -0.107398305  -0.00000
ODER_6    Drift             +95.276834   0.300000             0 +0.0000000000     1.356828    95.264214 -0.0195724538     1.356828    95.264214 -0.0195724538  +0.408229  -0.033908     5.436249   +0.306236    36.599224   -3.974217            0         0
Q11ER_6   Quadrupole        +95.876834   0.600000             0 +0.0000000000     1.345086    95.864100 -0.0195724538     1.345086    95.864100 -0.0195724538  +0.411569  +0.045151     5.775112   -0.892836    37.051635   +3.249799            0  +5.41343
ODER_6    Drift             +96.176834   0.300000             0 +0.0000000000     1.339214    96.164042 -0.0195724538     1.339214    96.164042 -0.0195724538  +0.425114  +0.045151     6.338821   -0.986193    35.129838   +3.156190            0         0
D3ER_6    Sbend             +99.100154   2.923320 +0.0188245462 +0.0000000000     1.254496    99.086091 -0.0383970000     1.254496    99.086091 -0.0383970000  +0.584610  +0.063976    14.763448   -1.895847    19.334092   +2.246211 -0.107398305  -0.00000
ODER_6    Drift             +99.400154   0.300000             0 +0.0000000000     1.242979    99.385870 -0.0383970000     1.242979    99.385870 -0.0383970000  +0.603803  +0.063976    15.928963   -1.989204    18.014506   +2.152406            0         0
Q12ER_6   Quadrupole       +100.000154   0.600000             0 +0.0000000000     1.219947    99.985428 -0.0383970000     1.219947    99.985428 -0.0383970000  +0.618196  -0.016313    17.086984   +0.109826    16.858422   -0.175551            0  -3.62881
OWSER_6   Drift            +100.400154   0.400000             0 +0.0000000000     1.204592   100.385133 -0.0383970000     1.204592   100.385133 -0.0383970000  +0.611671  -0.016313    17.008600   +0.086134    17.008646   -0.200009            0         0
MROT3     Marker           +100.400154   0.000000             0 +0.0000000000     1.204592   100.385133 -0.0383970000     1.204592   100.385133 -0.0383970000  +0.611671  -0.016313    17.008600   +0.086134    17.008646   -0.200009            0         0
