# Universe 3. Values shown are for the Exit End of each Element:
name      key                        s     length         angle       x_pitch     magnet x     magnet z  magnet theta      orbit x      orbit z   orbit theta dispersion dispersion       beta x     alpha x       beta y     alpha y        field  gradient
#                                  (m)        (m)         [rad]                        (m)          (m)           (m)          (m)          (m)           (m)        (m) derivative          (m)                      (m)                      (T)     (T/m)
MROT4     Marker           -102.535964   0.000000             0 +0.0000000000    -0.059397  -102.532018  0.0383970000    -0.059397  -102.532018  0.0383970000  +0.337153  +0.013413    16.127564   +0.055802    14.851570   +0.127580            0         0
ODF60_5   Drift            -102.216059   0.319905             0 +0.0000000000    -0.047116  -102.212349  0.0383970000    -0.047116  -102.212349  0.0383970000  +0.341443  +0.013413    16.098227   +0.035904    14.776946   +0.105689            0         0
Q13EF_5   Quadrupole       -101.616059   0.600000             0 +0.0000000000    -0.024084  -101.612791  0.0383970000    -0.024084  -101.612791  0.0383970000  +0.330885  -0.048288    14.386082   +2.713110    16.338256   -2.801843            0 -10.11100
ODEF_5    Drift            -101.116059   0.500000             0 +0.0000000000    -0.004890  -101.113159  0.0383970000    -0.004890  -101.113159  0.0383970000  +0.306741  -0.048288    11.818269   +2.422518    19.275522   -3.072690            0         0
D2EF_5    Sbend             -98.192757   2.923301 +0.0140299444 +0.0000000000     0.086833   -98.191322  0.0243670556     0.086833   -98.191322  0.0243670556  +0.186091  -0.034258     2.621531   +0.723597    41.863900   -4.653560 -0.160089079  -0.00000
ODEF_5    Drift             -97.692757   0.500000             0 +0.0000000000     0.099016   -97.691470  0.0243670556     0.099016   -97.691470  0.0243670556  +0.168962  -0.034258     2.043230   +0.433005    46.652753   -4.924146            0         0
Q12EF_5   Quadrupole        -97.092757   0.600000             0 +0.0000000000     0.113634   -97.091648  0.0243670556     0.113634   -97.091648  0.0243670556  +0.158304  -0.001627     1.955563   -0.281053    46.869641   +4.577346            0 +11.19756
ODEF_5    Drift             -96.592757   0.500000             0 +0.0000000000     0.125817   -96.591797  0.0243670556     0.125817   -96.591797  0.0243670556  +0.157490  -0.001627     2.374554   -0.556930    42.409386   +4.343164            0         0
D2EF_5    Sbend             -93.669456   2.923301 +0.0140299444 +0.0000000000     0.176539   -93.668960  0.0103371112     0.176539   -93.668960  0.0103371112  +0.173239  +0.012403    10.345413   -2.169823    21.013290   +2.975272 -0.160089079  -0.00000
ODEF_5    Drift             -93.169456   0.500000             0 +0.0000000000     0.181708   -93.168986  0.0103371112     0.181708   -93.168986  0.0103371112  +0.179440  +0.012403    12.653174   -2.445700    18.155232   +2.740843            0         0
Q11EF_5   Quadrupole        -92.569456   0.600000             0 +0.0000000000     0.187910   -92.569019  0.0103371112     0.187910   -92.569019  0.0103371112  +0.175984  -0.023807    14.077197   +0.168849    17.057223   -0.837598            0 -11.21293
ODEF_5    Drift             -92.069456   0.500000             0 +0.0000000000     0.193078   -92.069045  0.0103371112     0.193078   -92.069045  0.0103371112  +0.164081  -0.023807    13.926613   +0.132318    17.919760   -0.887476            0         0
D2EF_5    Sbend             -89.146155   2.923301 +0.0140299444 +0.0000000000     0.202790   -89.145784 -0.0036928331     0.202790   -89.145784 -0.0036928331  +0.114996  -0.009776    13.777355   -0.081258    23.956929   -1.177510 -0.160089079  -0.00000
ODEF_5    Drift             -88.646155   0.500000             0 +0.0000000000     0.200943   -88.645788 -0.0036928331     0.200943   -88.645788 -0.0036928331  +0.110108  -0.009776    13.876878   -0.117789    25.159344   -1.227319            0         0
Q10EF_5   Quadrupole        -88.046155   0.600000             0 +0.0000000000     0.198728   -88.045792 -0.0036928331     0.198728   -88.045792 -0.0036928331  +0.107742  +0.001847    14.963852   -1.732541    25.019734   +1.454987            0  +5.96447
OMEF_5    Drift             -83.546155   4.500000             0 +0.0000000000     0.182110   -83.545823 -0.0036928331     0.182110   -83.545823 -0.0036928331  +0.116056  +0.001847    35.972062   -2.935950    14.447621   +0.894372            0         0
Q9EF_5    Quadrupole        -82.946155   0.600000             0 +0.0000000000     0.179894   -82.945827 -0.0036928331     0.179894   -82.945827 -0.0036928331  +0.111751  -0.016084    36.105219   +2.720998    14.749165   -1.412548            0  -8.68368
OMEF_5    Drift             -78.446155   4.500000             0 +0.0000000000     0.163276   -78.445857 -0.0036928331     0.163276   -78.445857 -0.0036928331  +0.039372  -0.016084    16.329614   +1.673581    31.574512   -2.326418            0         0
Q8EF_5    Quadrupole        -77.846155   0.600000             0 +0.0000000000     0.161061   -77.845861 -0.0036928331     0.161061   -77.845861 -0.0036928331  +0.031171  -0.011434    15.634313   -0.484147    31.843160   +1.890620            0  +7.37865
OMEF_5    Drift             -73.346155   4.500000             0 +0.0000000000     0.144443   -73.345892 -0.0036928331     0.144443   -73.345892 -0.0036928331  -0.020281  -0.011434    21.590464   -0.839442    17.736604   +1.244170            0         0
Q7EF_5    Quadrupole        -72.746155   0.600000             0 +0.0000000000     0.142227   -72.745896 -0.0036928331     0.142227   -72.745896 -0.0036928331  -0.026069  -0.007704    20.559065   +2.503193    17.953907   -1.617833            0  -8.87646
OMEF_5    Drift             -68.246155   4.500000             0 +0.0000000000     0.125610   -68.245927 -0.0036928331     0.125610   -68.245927 -0.0036928331  -0.060735  -0.007704     5.187074   +0.912805    36.594405   -2.524500            0         0
Q6EF_5    Quadrupole        -67.646155   0.600000             0 +0.0000000000     0.123394   -67.645931 -0.0036928331     0.123394   -67.645931 -0.0036928331  -0.068834  -0.019540     4.736445   -0.134261    35.573723   +4.162434            0 +10.25090
OMEF_5    Drift             -63.146155   4.500000             0 +0.0000000000     0.106776   -63.145962 -0.0036928331     0.106776   -63.145962 -0.0036928331  -0.156765  -0.019540    10.297220   -1.101467     8.543635   +1.844252            0         0
Q5EF_5    Quadrupole        -62.546155   0.600000             0 +0.0000000000     0.104561   -62.545966 -0.0036928331     0.104561   -62.545966 -0.0036928331  -0.159032  +0.012059    10.414634   +0.913595     7.400417   +0.136023            0 -11.01526
O5EF_5    Drift             -54.546155   8.000000             0 +0.0000000000     0.075018   -54.546020 -0.0036928331     0.075018   -54.546020 -0.0036928331  -0.062560  +0.012059     7.071441   -0.495696    14.032221   -0.964998            0         0
Q4EF_5    Quadrupole        -53.946155   0.600000             0 +0.0000000000     0.072802   -53.946024 -0.0036928331     0.072802   -53.946024 -0.0036928331  -0.058288  +0.002295     8.485282   -1.936980    13.836785   +1.280043            0  +9.05619
O4EF_5    Drift             -41.993279  11.952877             0 +0.0000000000     0.028662   -41.993229 -0.0036928331     0.028662   -41.993229 -0.0036928331  -0.030851  +0.002295   134.800414   -8.630780    10.480241   -0.999228            0         0
Q3EF_5    Quadrupole        -41.393279   0.600000             0 +0.0000000000     0.026447   -41.393233 -0.0036928331     0.026447   -41.393233 -0.0036928331  -0.028898  +0.004194   140.035538   +0.016429    12.182984   -1.874551            0  -3.52272
OQCEF_5   Drift             -41.093279   0.300000             0 +0.0000000000     0.025339   -41.093235 -0.0036928331     0.025339   -41.093235 -0.0036928331  -0.027639  +0.004194   140.026324   +0.014286    13.341061   -1.985705            0         0
O_CRAB_EF Drift             -37.093279   4.000000             0 +0.0000000000     0.010568   -37.093263 -0.0036928331     0.010568   -37.093263 -0.0036928331  -0.010861  +0.004194   140.026324   -0.014286    35.154892   -3.467753            0         0
OQCEF_5   Drift             -36.793279   0.300000             0 +0.0000000000     0.009460   -36.793265 -0.0036928331     0.009460   -36.793265 -0.0036928331  -0.009603  +0.004194   140.035538   -0.016429    37.268890   -3.578907            0         0
Q2EF_5    Quadrupole        -36.193279   0.600000             0 +0.0000000000     0.007244   -36.193269 -0.0036928331     0.007244   -36.193269 -0.0036928331  -0.007244  +0.003693   145.136919   -8.587194    40.273804   -1.369316            0  +3.32047
ODEF_5    Drift             -35.693279   0.500000             0 +0.0000000000     0.005398   -35.693272 -0.0036928331     0.005398   -35.693272 -0.0036928331  -0.005398  +0.003693   153.852853   -8.844675    41.660967   -1.405009            0         0
D1EF_5    Sbend             -32.770000   2.923279 -0.0036928331 +0.0000000000    -0.000000   -32.770000 -0.0000000000     0.000000   -32.770000  0.0000000000  -0.000000  -0.000000   209.964248  -10.350047    50.484851   -1.613459 +0.042137499  -0.00000
O2EF_5    Drift             -11.870000  20.900000             0 +0.0000000000    -0.000000   -11.870000 -0.0000000000     0.000000   -11.870000  0.0000000000  -0.000000  -0.000000   867.536493  -21.112740   149.103837   -3.105153            0         0
Q1EF_5    Quadrupole        -10.260000   1.610000             0 +0.0000000000    -0.000000   -10.260000 -0.0000000000     0.000000   -10.260000 -0.0000000000  -0.000000  +0.000000   710.605457 +109.622354   205.374549  -34.945459            0  -3.48536
O1EF_5    Drift              -6.500000   3.760000             0 +0.0000000000    -0.000000    -6.500000 -0.0000000000     0.000000    -6.500000 -0.0000000000  -0.000000  +0.000000   125.346436  +46.031641   552.297340  -57.321241            0         0
Q0EF_5    Quadrupole         -5.300000   1.200000             0 +0.0000000000    -0.000000    -5.300000 -0.0000000000     0.000000    -5.300000 -0.0000000000  -0.000000  +0.000000    62.872222  +11.777778   501.663143  +94.642857            0  +7.84343
O0EF_5    Drift              +0.000000   5.300000             0 +0.0000000000    -0.000000    -0.000000 -0.0000000000    -0.000000    -0.000000 -0.0000000000  +0.000000  +0.000000     0.450000   +0.000000     0.056000   +0.000000            0         0
IP6       Marker             +0.000000   0.000000             0 +0.0000000000    -0.000000    -0.000000 -0.0000000000    -0.000000    -0.000000 -0.0000000000  +0.000000  +0.000000     0.450000   +0.000000     0.056000   +0.000000            0         0
O0ER_6    Drift              +5.300000   5.300000             0 +0.0000000000    -0.000000     5.300000 -0.0000000000    -0.000000     5.300000 -0.0000000000  +0.000000  +0.000000    62.872222  -11.777778   501.663143  -94.642857            0         0
Q1ER_6    Quadrupole         +7.100000   1.800000             0 +0.0000000000    -0.000000     7.100000 -0.0000000000    -0.000000     7.100000 -0.0000000000  +0.000000  +0.000000   195.742877  -79.064351   461.426148 +111.316695            0  +7.46066
O1ER_6    Drift              +7.600000   0.500000             0 +0.0000000000    -0.000000     7.600000 -0.0000000000    -0.000000     7.600000 -0.0000000000  +0.000000  +0.000000   282.792412  -95.034718   356.823640  +97.888320            0         0
Q2ER_6    Quadrupole         +9.000000   1.400000             0 +0.0000000000    -0.000000     9.000000 -0.0000000000    -0.000000     9.000000  0.0000000000  +0.000000  -0.000000   431.852776   +3.885055   231.638555   +3.696923            0  -7.13929
O2ER_6    Drift              +9.500000   0.500000             0 +0.0000000000    -0.000000     9.500000 -0.0000000000    -0.000000     9.500000  0.0000000000  +0.000000  -0.000000   427.977038   +3.866422   227.957462   +3.665263            0         0
D2ER_6    Sbend             +15.000075   5.500075 -0.0180766386 +0.0000000000     0.049710    14.999775  0.0180766386     0.049710    14.999775  0.0180766386  -0.049710  -0.018077   386.575358   +3.661464   189.486592   +3.328203 +0.109629737  -0.00000
O3ER_6    Drift             +37.700075  22.700000             0 +0.0000000000     0.460027    37.696067  0.0180766386     0.460027    37.696067  0.0180766386  -0.460061  -0.018077   239.547954   +2.815514    71.228209   +1.881418            0         0
Q3ER_6    Quadrupole        +38.300075   0.600000             0 +0.0000000000     0.470873    38.295969  0.0180766386     0.470873    38.295969  0.0180766386  -0.465495  -0.000000   230.675229  +11.856878    70.637435   -0.889129            0  -2.16739
OQCER_6   Drift             +38.600075   0.300000             0 +0.0000000000     0.476296    38.595920  0.0180766386     0.476296    38.595920  0.0180766386  -0.465495  -0.000000   223.616343  +11.672742    71.173194   -0.896734            0         0
O_CRAB_ER Drift             +42.600075   4.000000             0 +0.0000000000     0.548598    42.595266  0.0180766386     0.548598    42.595266  0.0180766386  -0.465495  -0.000000   140.055009   +9.217592    78.752638   -0.998128            0         0
O4ER_6    Drift             +54.200075  11.600000             0 +0.0000000000     0.758276    54.193371  0.0180766386     0.758276    54.193371  0.0180766386  -0.465495  -0.000000     8.798110   +2.097658   105.320086   -1.292170            0         0
Q4ER_6    Quadrupole        +54.800075   0.600000             0 +0.0000000000     0.769121    54.793273  0.0180766386     0.769121    54.793273  0.0180766386  -0.476846  -0.037991     6.857498   +1.188894   101.796439   +7.069517            0  +4.50069
O5ER_6    Drift             +62.904257   8.104182             0 +0.0000000000     0.915610    62.896131  0.0180766386     0.915610    62.896131  0.0180766386  -0.784729  -0.037991    10.702498   -1.663340    20.101532   +3.011069            0         0
Q5ER_6    Quadrupole        +63.504257   0.600000             0 +0.0000000000     0.926455    63.496033  0.0180766386     0.926455    63.496033  0.0180766386  -0.761658  +0.114140    11.465245   +0.442022    18.830321   -0.810461            0 -10.83172
OMER_6    Drift             +68.935741   5.431484             0 +0.0000000000     1.024633    68.926630  0.0180766386     1.024633    68.926630  0.0180766386  -0.141707  +0.114140     9.739394   -0.124273    30.230076   -1.288368            0         0
Q6ER_6    Quadrupole        +69.535741   0.600000             0 +0.0000000000     1.035478    69.526532  0.0180766386     1.035478    69.526532  0.0180766386  -0.078205  +0.099000    10.768449   -1.638117    29.276742   +2.832953            0  +7.70805
OMER_6    Drift             +74.967225   5.431484             0 +0.0000000000     1.133656    74.957128  0.0180766386     1.133656    74.957128  0.0180766386  +0.459512  +0.099000    38.654296   -3.495995     7.597230   +1.158500            0         0
Q7ER_6    Quadrupole        +75.567225   0.600000             0 +0.0000000000     1.144501    75.557030  0.0180766386     1.144501    75.557030  0.0180766386  +0.491469  +0.006498    38.353268   +3.978224     7.125299   -0.341873            0 -10.71084
OMER_6    Drift             +80.998709   5.431484             0 +0.0000000000     1.242679    80.987627  0.0180766386     1.242679    80.987627  0.0180766386  +0.526764  +0.006498     8.080573   +1.595335    15.463278   -1.193247            0         0
Q8ER_6    Quadrupole        +81.598709   0.600000             0 +0.0000000000     1.253524    81.587529  0.0180766386     1.253524    81.587529  0.0180766386  +0.531570  +0.009524     6.347673   +1.296136    16.895254   -1.190649            0  +0.31801
OMER_6    Drift             +87.030193   5.431484             0 +0.0000000000     1.351702    87.018126  0.0180766386     1.351702    87.018126  0.0180766386  +0.583301  +0.009524     4.723031   -0.997021    34.050716   -1.967873            0         0
Q9ER_6    Quadrupole        +87.630193   0.600000             0 +0.0000000000     1.362547    87.618028  0.0180766386     1.362547    87.618028  0.0180766386  +0.625726  +0.133355     6.790544   -2.590297    32.214762   +4.900078            0 +11.50571
ODER_6    Drift             +87.930193   0.300000             0 +0.0000000000     1.367970    87.917979  0.0180766386     1.367970    87.917979  0.0180766386  +0.665733  +0.133355     8.446904   -2.930902    29.344589   +4.667166            0         0
D3ER_6    Sbend             +90.853514   2.923320 +0.0188245462 +0.0000000000     1.393298    90.841146 -0.0007479076     1.393298    90.841146 -0.0007479076  +1.083065  +0.152180    35.283142   -6.249695     8.686542   +2.398221 -0.214796610  -0.00000
ODER_6    Drift             +91.153514   0.300000             0 +0.0000000000     1.393073    91.141146 -0.0007479076     1.393073    91.141146 -0.0007479076  +1.128719  +0.152180    39.135141   -6.590300     7.317560   +2.165051            0         0
Q10ER_6   Quadrupole        +91.753514   0.600000             0 +0.0000000000     1.392625    91.741146 -0.0007479076     1.392625    91.741146 -0.0007479076  +1.166244  -0.028073    43.408640   -0.308779     5.549014   +0.873841            0  -8.66491
ODER_6    Drift             +92.053514   0.300000             0 +0.0000000000     1.392400    92.041146 -0.0007479076     1.392400    92.041146 -0.0007479076  +1.157822  -0.028073    43.596178   -0.316349     5.053313   +0.778494            0         0
D3ER_6    Sbend             +94.976834   2.923320 +0.0188245462 +0.0000000000     1.362700    94.964272 -0.0195724538     1.362700    94.964272 -0.0195724538  +1.103273  -0.009248    45.661262   -0.390110     3.216796   -0.150375 -0.214796610  -0.00000
ODER_6    Drift             +95.276834   0.300000             0 +0.0000000000     1.356828    95.264214 -0.0195724538     1.356828    95.264214 -0.0195724538  +1.100499  -0.009248    45.897599   -0.397680     3.335632   -0.245745            0         0
Q11ER_6   Quadrupole        +95.876834   0.600000             0 +0.0000000000     1.345086    95.864100 -0.0195724538     1.345086    95.864100 -0.0195724538  +1.060149  -0.124537    43.502013   +4.305196     3.977096   -0.845964            0  -5.90132
ODER_6    Drift             +96.176834   0.300000             0 +0.0000000000     1.339214    96.164042 -0.0195724538     1.339214    96.164042 -0.0195724538  +1.022787  -0.124537    40.959310   +4.170480     4.523499   -0.975379            0         0
D3ER_6    Sbend             +99.100154   2.923320 +0.0188245462 +0.0000000000     1.254496    99.086091 -0.0383970000     1.254496    99.086091 -0.0383970000  +0.686260  -0.105712    20.414517   +2.857832    13.910100   -2.234990 -0.214796610  -0.00000
ODER_6    Drift             +99.400154   0.300000             0 +0.0000000000     1.242979    99.385870 -0.0383970000     1.242979    99.385870 -0.0383970000  +0.654547  -0.105712    18.740233   +2.723116    15.289883   -2.364288            0         0
Q12ER_6   Quadrupole       +100.000154   0.600000             0 +0.0000000000     1.219947    99.985428 -0.0383970000     1.219947    99.985428 -0.0383970000  +0.618196  -0.016313    17.086984   +0.109826    16.858422   -0.175551            0  +7.86518
OWSER_6   Drift            +100.400154   0.400000             0 +0.0000000000     1.204592   100.385133 -0.0383970000     1.204592   100.385133 -0.0383970000  +0.611671  -0.016313    17.008600   +0.086134    17.008646   -0.200009            0         0
MROT3     Marker           +100.400154   0.000000             0 +0.0000000000     1.204592   100.385133 -0.0383970000     1.204592   100.385133 -0.0383970000  +0.611671  -0.016313    17.008600   +0.086134    17.008646   -0.200009            0         0
