# Universe 3. Values shown are for the Exit End of each Element:
name      key                        s     length         angle       x_pitch     magnet x     magnet z  magnet theta      orbit x      orbit z   orbit theta dispersion dispersion       beta x     alpha x       beta y     alpha y        field  gradient
#                                  (m)        (m)         [rad]                        (m)          (m)           (m)          (m)          (m)           (m)        (m) derivative          (m)                      (m)                      (T)     (T/m)
MROT4     Marker           -102.535964   0.000000             0 +0.0000000000    -0.059397  -102.532018  0.0383970000    -0.059397  -102.532018  0.0383970000  +0.337153  +0.013413    16.127564   +0.055802    14.851570   +0.127580            0         0
ODF60_5   Drift            -102.216059   0.319905             0 +0.0000000000    -0.047116  -102.212349  0.0383970000    -0.047116  -102.212349  0.0383970000  +0.341443  +0.013413    16.098227   +0.035904    14.776946   +0.105689            0         0
Q13EF_5   Quadrupole       -101.616059   0.600000             0 +0.0000000000    -0.024084  -101.612791  0.0383970000    -0.024084  -101.612791  0.0383970000  +0.329993  -0.051217    14.307375   +2.834149    16.421810   -2.950883            0  -5.30014
ODEF_5    Drift            -101.116059   0.500000             0 +0.0000000000    -0.004890  -101.113159  0.0383970000    -0.004890  -101.113159  0.0383970000  +0.304384  -0.051217    11.631054   +2.518493    19.520480   -3.246457            0         0
D2EF_5    Sbend             -98.192757   2.923301 +0.0140299444 +0.0000000000     0.086833   -98.191322  0.0243670556     0.086833   -98.191322  0.0243670556  +0.175174  -0.037187     2.301540   +0.673043    43.547276   -4.971797 -0.080044539  -0.00000
ODEF_5    Drift             -97.692757   0.500000             0 +0.0000000000     0.099016   -97.691470  0.0243670556     0.099016   -97.691470  0.0243670556  +0.156580  -0.037187     1.786325   +0.357387    48.666722   -5.267094            0         0
Q12EF_5   Quadrupole        -97.092757   0.600000             0 +0.0000000000     0.113634   -97.091648  0.0243670556     0.113634   -97.091648  0.0243670556  +0.144303  -0.004190     1.804338   -0.388729    48.451374   +5.609945            0  +6.16430
ODEF_5    Drift             -96.592757   0.500000             0 +0.0000000000     0.125817   -96.591797  0.0243670556     0.125817   -96.591797  0.0243670556  +0.142208  -0.004190     2.352559   -0.707713    43.008975   +5.274852            0         0
D2EF_5    Sbend             -93.669456   2.923301 +0.0140299444 +0.0000000000     0.176539   -93.668960  0.0103371112     0.176539   -93.668960  0.0103371112  +0.150468  +0.009841    11.941662   -2.572625    17.890796   +3.316705 -0.080044539  -0.00000
ODEF_5    Drift             -93.169456   0.500000             0 +0.0000000000     0.181708   -93.168986  0.0103371112     0.181708   -93.168986  0.0103371112  +0.155388  +0.009841    14.673780   -2.891610    14.741783   +2.981322            0         0
Q11EF_5   Quadrupole        -92.569456   0.600000             0 +0.0000000000     0.187910   -92.569019  0.0103371112     0.187910   -92.569019  0.0103371112  +0.153192  -0.017098    16.658420   -0.300822    12.745915   +0.459483            0  -4.81114
ODEF_5    Drift             -92.069456   0.500000             0 +0.0000000000     0.193078   -92.069045  0.0103371112     0.193078   -92.069045  0.0103371112  +0.144643  -0.017098    16.975607   -0.333553    12.310187   +0.411973            0         0
D2EF_5    Sbend             -89.146155   2.923301 +0.0140299444 +0.0000000000     0.202790   -89.145784 -0.0036928331     0.202790   -89.145784 -0.0036928331  +0.115170  -0.003067    19.485075   -0.524912    10.711376   +0.134893 -0.080044539  -0.00000
ODEF_5    Drift             -88.646155   0.500000             0 +0.0000000000     0.200943   -88.645788 -0.0036928331     0.200943   -88.645788 -0.0036928331  +0.113636  -0.003067    20.026352   -0.557643    10.600248   +0.087364            0         0
Q10EF_5   Quadrupole        -88.046155   0.600000             0 +0.0000000000     0.198728   -88.045792 -0.0036928331     0.198728   -88.045792 -0.0036928331  +0.114253  +0.005132    21.619350   -2.135592    10.079394   +0.768149            0  +2.00756
OMEF_5    Drift             -83.546155   4.500000             0 +0.0000000000     0.182110   -83.545823 -0.0036928331     0.182110   -83.545823 -0.0036928331  +0.137348  +0.005132    46.048221   -3.293046     6.360548   +0.058261            0         0
Q9EF_5    Quadrupole        -82.946155   0.600000             0 +0.0000000000     0.179894   -82.945827 -0.0036928331     0.179894   -82.945827 -0.0036928331  +0.133920  -0.016471    45.614976   +3.992155     6.967075   -1.100886            0  -4.39233
OMEF_5    Drift             -78.446155   4.500000             0 +0.0000000000     0.163276   -78.445857 -0.0036928331     0.163276   -78.445857 -0.0036928331  +0.059801  -0.016471    17.204613   +2.321259    23.304144   -2.529574            0         0
Q8EF_5    Quadrupole        -77.846155   0.600000             0 +0.0000000000     0.161061   -77.845861 -0.0036928331     0.161061   -77.845861 -0.0036928331  +0.051976  -0.009769    15.695215   +0.254805    24.660457   +0.323853            0  +3.35310
OMEF_5    Drift             -73.346155   4.500000             0 +0.0000000000     0.144443   -73.345892 -0.0036928331     0.144443   -73.345892 -0.0036928331  +0.008014  -0.009769    14.775935   -0.050521    22.653055   +0.122236            0         0
Q7EF_5    Quadrupole        -72.746155   0.600000             0 +0.0000000000     0.142227   -72.745896 -0.0036928331     0.142227   -72.745896 -0.0036928331  +0.002037  -0.010088    14.305531   +0.824587    23.389480   -1.365096            0  -1.75796
OMEF_5    Drift             -68.246155   4.500000             0 +0.0000000000     0.125610   -68.245927 -0.0036928331     0.125610   -68.245927 -0.0036928331  -0.043360  -0.010088     9.262272   +0.296138    38.154473   -1.916014            0         0
Q6EF_5    Quadrupole        -67.646155   0.600000             0 +0.0000000000     0.123394   -67.645931 -0.0036928331     0.123394   -67.645931 -0.0036928331  -0.051662  -0.017812     9.867961   -1.338496    36.717701   +4.231616            0  +4.55608
OMEF_5    Drift             -63.146155   4.500000             0 +0.0000000000     0.106776   -63.145962 -0.0036928331     0.106776   -63.145962 -0.0036928331  -0.131818  -0.017812    27.643002   -2.611513     9.060231   +1.914489            0         0
Q5EF_5    Quadrupole        -62.546155   0.600000             0 +0.0000000000     0.104561   -62.545966 -0.0036928331     0.104561   -62.545966 -0.0036928331  -0.134333  +0.009514    27.389644   +3.016469     7.915053   +0.071106            0  -5.64985
O5EF_5    Drift             -54.546155   8.000000             0 +0.0000000000     0.075018   -54.546020 -0.0036928331     0.075018   -54.546020 -0.0036928331  -0.058221  +0.009514     2.724164   +0.066716    14.904103   -0.944737            0         0
Q4EF_5    Quadrupole        -53.946155   0.600000             0 +0.0000000000     0.072802   -53.946024 -0.0036928331     0.072802   -53.946024 -0.0036928331  -0.054786  +0.002011     3.000465   -0.539465    14.858927   +1.018007            0  +3.71560
O4EF_5    Drift             -41.993279  11.952877             0 +0.0000000000     0.028662   -41.993229 -0.0036928331     0.028662   -41.993229 -0.0036928331  -0.030745  +0.002011    77.370569   -5.682477    10.102464   -0.620072            0         0
Q3EF_5    Quadrupole        -41.393279   0.600000             0 +0.0000000000     0.026447   -41.393233 -0.0036928331     0.026447   -41.393233 -0.0036928331  -0.028878  +0.004190    80.813259   +0.028484    11.366407   -1.517095            0  -2.02448
OQCEF_5   Drift             -41.093279   0.300000             0 +0.0000000000     0.025339   -41.093235 -0.0036928331     0.025339   -41.093235 -0.0036928331  -0.027621  +0.004190    80.797283   +0.024768    12.302806   -1.604236            0         0
O_CRAB_EF Drift             -37.093279   4.000000             0 +0.0000000000     0.010568   -37.093263 -0.0036928331     0.010568   -37.093263 -0.0036928331  -0.010859  +0.004190    80.797283   -0.024768    29.784178   -2.766108            0         0
OQCEF_5   Drift             -36.793279   0.300000             0 +0.0000000000     0.009460   -36.793265 -0.0036928331     0.009460   -36.793265 -0.0036928331  -0.009602  +0.004190    80.813259   -0.028484    31.469985   -2.853248            0         0
Q2EF_5    Quadrupole        -36.193279   0.600000             0 +0.0000000000     0.007244   -36.193269 -0.0036928331     0.007244   -36.193269 -0.0036928331  -0.007244  +0.003693    83.760121   -4.941022    33.810988   -1.002075            0  +1.64711
ODEF_5    Drift             -35.693279   0.500000             0 +0.0000000000     0.005398   -35.693272 -0.0036928331     0.005398   -35.693272 -0.0036928331  -0.005398  +0.003693    88.776996   -5.092727    34.827883   -1.031713            0         0
D1EF_5    Sbend             -32.770000   2.923279 -0.0036928331 +0.0000000000    -0.000000   -32.770000 -0.0000000000     0.000000   -32.770000  0.0000000000  -0.000000  -0.000000   121.144650   -5.979678    41.365877   -1.204799 +0.021068749  -0.00000
O2EF_5    Drift             -11.870000  20.900000             0 +0.0000000000    -0.000000   -11.870000 -0.0000000000     0.000000   -11.870000  0.0000000000  -0.000000  -0.000000   503.627936  -12.320957   117.613963   -2.443434            0         0
Q1EF_5    Quadrupole        -10.260000   1.610000             0 +0.0000000000    -0.000000   -10.260000 -0.0000000000     0.000000   -10.260000 -0.0000000000  -0.000000  +0.000000   412.707908  +63.600149   161.986305  -27.561424            0  -1.74268
O1EF_5    Drift              -6.500000   3.760000             0 +0.0000000000    -0.000000    -6.500000 -0.0000000000     0.000000    -6.500000 -0.0000000000  -0.000000  +0.000000    73.032647  +26.739017   435.633530  -45.217093            0         0
Q0EF_5    Quadrupole         -5.300000   1.200000             0 +0.0000000000    -0.000000    -5.300000 -0.0000000000     0.000000    -5.300000 -0.0000000000  -0.000000  +0.000000    36.792821   +6.794872   395.704803  +74.647887            0  +3.92172
O0EF_5    Drift              +0.000000   5.300000             0 +0.0000000000    -0.000000    -0.000000 -0.0000000000     0.000000    -0.000000 -0.0000000000  -0.000000  +0.000000     0.780000   +0.000000     0.071000   +0.000000            0         0
IP6       Marker             +0.000000   0.000000             0 +0.0000000000    -0.000000    -0.000000 -0.0000000000     0.000000    -0.000000 -0.0000000000  -0.000000  +0.000000     0.780000   +0.000000     0.071000   +0.000000            0         0
O0ER_6    Drift              +5.300000   5.300000             0 +0.0000000000    -0.000000     5.300000 -0.0000000000    -0.000000     5.300000 -0.0000000000  +0.000000  +0.000000    36.792821   -6.794872   395.704803  -74.647887            0         0
Q1ER_6    Quadrupole         +7.100000   1.800000             0 +0.0000000000    -0.000000     7.100000 -0.0000000000    -0.000000     7.100000 -0.0000000000  +0.000000  +0.000000   113.926443  -45.940493   363.953403  +87.805373            0  +3.73033
O1ER_6    Drift              +7.600000   0.500000             0 +0.0000000000    -0.000000     7.600000 -0.0000000000    -0.000000     7.600000 -0.0000000000  +0.000000  +0.000000   164.500472  -55.207564   281.444576  +77.212282            0         0
Q2ER_6    Quadrupole         +9.000000   1.400000             0 +0.0000000000    -0.000000     9.000000 -0.0000000000    -0.000000     9.000000  0.0000000000  +0.000000  -0.000000   250.976772   +2.327741   182.700905   +2.916272            0  -3.56965
O2ER_6    Drift              +9.500000   0.500000             0 +0.0000000000    -0.000000     9.500000 -0.0000000000    -0.000000     9.500000  0.0000000000  +0.000000  -0.000000   248.655424   +2.314955   179.797639   +2.890261            0         0
D2ER_6    Sbend             +15.000075   5.500075 -0.0180766386 +0.0000000000     0.049710    14.999775  0.0180766386     0.049710    14.999775  0.0180766386  -0.049710  -0.018077   223.965502   +2.174306   149.524522   +2.612968 +0.054814868  -0.00000
O3ER_6    Drift             +37.700075  22.700000             0 +0.0000000000     0.460027    37.696067  0.0180766386     0.460027    37.696067  0.0180766386  -0.460061  -0.018077   138.429852   +1.593785    57.871180   +1.424624            0         0
Q3ER_6    Quadrupole        +38.300075   0.600000             0 +0.0000000000     0.470873    38.295969  0.0180766386     0.470873    38.295969  0.0180766386  -0.465495  -0.000000   133.343200   +6.817761    57.518129   -0.831626            0  -1.08370
OQCER_6   Drift             +38.600075   0.300000             0 +0.0000000000     0.476296    38.595920  0.0180766386     0.476296    38.595920  0.0180766386  -0.465495  -0.000000   129.284591   +6.710935    58.019752   -0.840448            0         0
O_CRAB_ER Drift             +42.600075   4.000000             0 +0.0000000000     0.548598    42.595266  0.0180766386     0.548598    42.595266  0.0180766386  -0.465495  -0.000000    81.294513   +5.286584    65.213897   -0.958088            0         0
O4ER_6    Drift             +54.200075  11.600000             0 +0.0000000000     0.758276    54.193371  0.0180766386     0.758276    54.193371  0.0180766386  -0.465495  -0.000000     6.560913   +1.155967    91.398931   -1.299243            0         0
Q4ER_6    Quadrupole        +54.800075   0.600000             0 +0.0000000000     0.769121    54.793273  0.0180766386     0.769121    54.793273  0.0180766386  -0.477445  -0.040003     5.597561   +0.476889    88.322155   +6.339515            0  +2.36854
O5ER_6    Drift             +62.904257   8.104182             0 +0.0000000000     0.915610    62.896131  0.0180766386     0.915610    62.896131  0.0180766386  -0.801635  -0.040003    12.269672   -1.300182    16.198124   +2.560092            0         0
Q5ER_6    Quadrupole        +63.504257   0.600000             0 +0.0000000000     0.926455    63.496033  0.0180766386     0.926455    63.496033  0.0180766386  -0.762572  +0.168495    11.908792   +1.869664    15.663424   -1.622524            0  -7.31258
OMER_6    Drift             +68.935741   5.431484             0 +0.0000000000     1.024633    68.926630  0.0180766386     1.024633    68.926630  0.0180766386  +0.152608  +0.168495     2.735510   -0.180756    40.130580   -2.882167            0         0
Q6ER_6    Quadrupole        +69.535741   0.600000             0 +0.0000000000     1.035478    69.526532  0.0180766386     1.035478    69.526532  0.0180766386  +0.265451  +0.211558     3.468688   -1.091659    38.581681   +5.355291            0  +5.78596
OMER_6    Drift             +74.967225   5.431484             0 +0.0000000000     1.133656    74.957128  0.0180766386     1.133656    74.957128  0.0180766386  +1.414523  +0.211558    33.967814   -4.523588     3.101125   +1.177096            0         0
Q7ER_6    Quadrupole        +75.567225   0.600000             0 +0.0000000000     1.144501    75.557030  0.0180766386     1.144501    75.557030  0.0180766386  +1.454634  -0.079198    35.261631   +2.454459     2.249259   +0.299202            0  -5.57718
OMER_6    Drift             +80.998709   5.431484             0 +0.0000000000     1.242679    80.987627  0.0180766386     1.242679    80.987627  0.0180766386  +1.024471  -0.079198    14.475733   +1.372469    13.289081   -2.331762            0         0
Q8ER_6    Quadrupole        +81.598709   0.600000             0 +0.0000000000     1.253524    81.587529  0.0180766386     1.253524    81.587529  0.0180766386  +0.981388  -0.064516    13.018646   +1.063120    16.128224   -2.386270            0  +0.40724
OMER_6    Drift             +87.030193   5.431484             0 +0.0000000000     1.351702    87.018126  0.0180766386     1.351702    87.018126  0.0180766386  +0.630973  -0.064516     6.297218   +0.174373    54.295092   -4.640698            0         0
Q9ER_6    Quadrupole        +87.630193   0.600000             0 +0.0000000000     1.362547    87.618028  0.0180766386     1.362547    87.618028  0.0180766386  +0.627223  +0.051900     6.865583   -1.156772    53.740344   +5.530479            0  +5.19181
ODER_6    Drift             +87.930193   0.300000             0 +0.0000000000     1.367970    87.917979  0.0180766386     1.367970    87.917979  0.0180766386  +0.642793  +0.051900     7.590296   -1.258939    50.474955   +5.354152            0         0
D3ER_6    Sbend             +90.853514   2.923320 +0.0188245462 +0.0000000000     1.393298    90.841146 -0.0007479076     1.393298    90.841146 -0.0007479076  +0.822017  +0.070725    17.860410   -2.254437    24.181657   +3.638581 -0.107398305  -0.00000
ODER_6    Drift             +91.153514   0.300000             0 +0.0000000000     1.393073    91.141146 -0.0007479076     1.393073    91.141146 -0.0007479076  +0.843234  +0.070725    19.243723   -2.356604    22.051505   +3.461927            0         0
Q10ER_6   Quadrupole        +91.753514   0.600000             0 +0.0000000000     1.392625    91.741146 -0.0007479076     1.392625    91.741146 -0.0007479076  +0.853918  -0.035336    20.653937   +0.064925    19.589627   +0.742629            0  -3.45264
ODER_6    Drift             +92.053514   0.300000             0 +0.0000000000     1.392400    92.041146 -0.0007479076     1.392400    92.041146 -0.0007479076  +0.843317  -0.035336    20.619358   +0.050339    19.151177   +0.718869            0         0
D3ER_6    Sbend             +94.976834   2.923320 +0.0188245462 +0.0000000000     1.362700    94.964272 -0.0195724538     1.362700    94.964272 -0.0195724538  +0.767540  -0.016511    20.740519   -0.091788    15.618993   +0.489195 -0.107398305  -0.00000
ODER_6    Drift             +95.276834   0.300000             0 +0.0000000000     1.356828    95.264214 -0.0195724538     1.356828    95.264214 -0.0195724538  +0.762587  -0.016511    20.799968   -0.106374    15.332618   +0.465391            0         0
Q11ER_6   Quadrupole        +95.876834   0.600000             0 +0.0000000000     1.345086    95.864100 -0.0195724538     1.345086    95.864100 -0.0195724538  +0.744992  -0.042038    20.524199   +0.562877    15.108457   -0.089266            0  -0.93978
ODER_6    Drift             +96.176834   0.300000             0 +0.0000000000     1.339214    96.164042 -0.0195724538     1.339214    96.164042 -0.0195724538  +0.732381  -0.042038    20.192246   +0.543629    15.168021   -0.109281            0         0
D3ER_6    Sbend             +99.100154   2.923320 +0.0188245462 +0.0000000000     1.254496    99.086091 -0.0383970000     1.254496    99.086091 -0.0383970000  +0.637011  -0.023213    17.562261   +0.356081    16.371595   -0.302361 -0.107398305  -0.00000
ODER_6    Drift             +99.400154   0.300000             0 +0.0000000000     1.242979    99.385870 -0.0383970000     1.242979    99.385870 -0.0383970000  +0.630047  -0.023213    17.354388   +0.336833    16.559012   -0.322361            0         0
Q12ER_6   Quadrupole       +100.000154   0.600000             0 +0.0000000000     1.219947    99.985428 -0.0383970000     1.219947    99.985428 -0.0383970000  +0.618196  -0.016313    17.086984   +0.109826    16.858422   -0.175551            0  +0.30748
OWSER_6   Drift            +100.400154   0.400000             0 +0.0000000000     1.204592   100.385133 -0.0383970000     1.204592   100.385133 -0.0383970000  +0.611671  -0.016313    17.008600   +0.086134    17.008646   -0.200009            0         0
MROT3     Marker           +100.400154   0.000000             0 +0.0000000000     1.204592   100.385133 -0.0383970000     1.204592   100.385133 -0.0383970000  +0.611671  -0.016313    17.008600   +0.086134    17.008646   -0.200009            0         0
